1.8180556876639637;
2.4375662503941373;
2.660548048954193;
2.350927924440709;
2.678579809681299;
2.6119184064779946;
2.790937330193908;
2.767165538046783;
3.1020307110435987;
3.0441970832461624;
3.14020045756888;
3.00605854975882;
3.1722125215568626;
3.2423569518215065;
3.1247850399775317;
3.268329217690932;
3.177413736553613;
3.217054416023418;
3.206559196639695;
3.0541563380662677;
3.1108844181699222;
3.267040235637562;
3.1883037335116127;
3.2323768672445867;
3.304726169234198;
3.4311727192517107;
3.420390366024418;
3.3591240803802522;
3.309351104017827;
3.349321879501214;
3.319091442521828;
3.3895174674054074;
3.393499651555089;
3.3103955556047486;
3.4116683674936454;
3.186473121605755;
3.2807975426202907;
3.4136300811208207;
3.384777522472303;
3.332321921938553;
3.359478895800962;
3.4901147230376157;
3.4249922684371845;
3.5165621496792103;
3.638774809621503;
3.3983886569844746;
3.3415834135213887;
3.3679685249375124;
3.5765636548766726;
3.575560883211257;
3.5943799771396963;
3.6199867191249355;
3.483519052239433;
3.643610069981086;
3.1373763785918936;
3.2669116864375867;
3.3426302660003406;
3.386786459500746;
3.520597267850129;
3.731382990508909;
3.884212674672387;
3.888673004559644;
3.7690575006021305;
3.9381400824989634;
3.741771070779865;
3.9326869765857024;
3.8610703924975733;
3.830089796774322;
3.9420355954034543;
4.1377366922844105;
4.0345824752152035;
4.041015163472702;
3.957703146343805;
3.9160777369759088;
3.8773836127681385;
4.159197957841066;
3.965368731745708;
4.193998734826235;
4.1429959422344265;
4.079735671185073;
4.0972245296782495;
4.12692031484473;
4.201393667351001;
4.109877309103348;
4.296683940147566;
4.069852458846365;
3.917331012735709;
4.042561022555615;
3.89456855337866;
3.893309940004603;
4.026987849904197;
4.116641037257716;
4.040105734553626;
4.019507077393898;
4.004766461550934;
4.0763554410092375;
4.079412480127405;
4.161546348338846;
4.125051062745237;
4.172874518889557;
4.231014967339972;
4.358318428816791;
4.313535839212178;
4.433472192188822;
4.50186469158458;
4.490723978559521;
4.51782859770571;
4.636230204512154;
4.471042282419473;
4.225307658685822;
4.293115523029261;
4.133642937202249;
4.267384952060622;
4.446082515831164;
4.730475019036947;
4.522669694642287;
4.404005124725373;
4.543202075353836;
4.173344129604091;
4.140035549501199;
4.312979714137965;
4.184779621138307;
4.080596171121782;
4.219252999577923;
4.374345535344596;
4.522446131653978;
4.556871009591853;
4.537723636067534;
4.7195356568634;
4.626565759034806;
4.542531729479265;
4.423451864432233;
4.4266410342266544;
4.400144587406832;
4.466081156443696;
4.449118883628665;
4.367602981989964;
4.390705678238309;
4.591512880178991;
4.457755900802059;
4.529069268687081;
4.507374447935238;
4.539715207618668;
4.456155546217179;
4.536010626340307;
4.57950455578508;
4.686214656136821;
4.663803258506125;
4.537423205619462;
4.495533939210196;
4.655611949134731;
4.68868527635144;
4.552342668520014;
4.710944655063963;
4.596435601549822;
4.639937578466918;
4.684600969141859;
4.608026132233347;
4.531595724389784;
4.548361756415018;
4.58244774059612;
4.577143210884855;
4.736819775144346;
4.641954329436915;
4.602380961896982;
4.58008186013873;
4.557592329879989;
4.4800825605092145;
4.759495740245853;
4.74659535816679;
4.686659558322118;
4.805655061366662;
4.831600634834694;
4.760337576597208;
4.938183235901997;
5.009608349844749;
4.90122970966996;
4.855499637832429;
4.778726190655491;
4.869140800692974;
4.900311590202246;
4.743051353183373;
4.795562188476959;
4.87541106806403;
4.9299213147659255;
4.945910406942167;
4.763641023220657;
4.8085080878152295;
4.85672011689811;
4.735904902411655;
4.772209673634211;
4.69494523154512;
4.583609976713157;
4.674728575406376;
4.729671062372046;
4.746332162349329;
4.550691651211585;
4.687188902369714;
4.572598031184465;
4.661810581155629;
4.555820631463936;
4.757944779422719;
4.738132838738555;
4.629394889803281;
5.027482093566045;
5.221982718979392;
5.251579402851764;
5.167679519060364;
5.136926160516476;
5.317502101323011;
5.301884054906082;
5.4501203177078805;
5.681385834258588;
5.909875831908348;
6.18870767713228;
6.08009956190272;
5.943522472339305;
5.812271506050185;
5.68129672250036;
5.62219729048465;
5.69929653096085;
5.649335268964676;
5.44327128896715;
5.664564471884246;
5.058625076555832;
5.173531827165471;
5.317675800716332;
5.824747861781947;
5.745559761365097;
5.682408330349923;
5.199925251540174;
5.72678059081762;
5.554709692305626;
5.254594046271809;
5.011676094941566;
5.057528234525375;
5.385102421499821;
5.295033508338141;
5.326636921477233;
5.194338914735796;
5.130043186422481;
4.822093691554143;
4.972470842101865;
5.195474238427557;
5.031169905295138;
5.330968830823082;
5.439489962654222;
5.469836538803263;
5.53741719119408;
5.853523270294113;
5.345296392526582;
5.672883006368516;
5.147815453600557;
5.236076154967898;
5.3209047170639785;
4.9424919786219474;
5.470234503848593;
5.43962289213299;
5.354398251852474;
5.228055825883759;
5.501036300050469;
5.32216569522679;
5.159070362029916;
5.383563395632603;
5.866283046596417;
5.730614610558475;
5.647169695179858;
5.4097179487458575;
5.657132135681147;
5.45411531588531;
5.235981837560593;
5.485403116855729;
5.546900645956032;
5.663771499746275;
5.504642690685056;
5.269201329595791;
5.474327080734852;
5.413945140291198;
4.933445857841656;
5.036570717821518;
5.080988145062718;
5.245510958347111;
5.20355135139778;
5.384505581586464;
5.400654256362837;
5.622665471075801;
5.353504591239722;
5.310930257755718;
5.349656443372412;
5.169715690185377;
5.2764425206269925;
5.504960545168907;
5.621787146049592;
5.41461403363938;
5.676523916361417;
5.327512566903825;
5.119374153368141;
5.832484740703003;
5.251199576161123;
5.402226793341774;
5.246575801323649;
5.216441141718248;
5.0190867346360175;
5.166586276650399;
4.942326042887325;
5.573730070864158;
5.766670889668431;
5.857692374181551;
5.50566064123126;
5.795469219301313;
5.853289554645337;
5.487750473811945;
5.450751413684277;
5.212780555993761;
5.536819673503477;
5.622719385107875;
5.647908043500181;
5.597418177797188;
5.436356047306982;
5.297249431934218;
5.68073165814447;
5.814419985419062;
5.93911673828427;
5.529322052612923;
5.612320580768872;
5.867217172203003;
5.06416943263681;
5.898531679467468;
5.1347914527317675;
5.223177215019664;
5.143474112441696;
5.231450363755255;
5.238265264516907;
5.29073230881175;
5.299776101230183;
6.095821082659871;
5.584485204248535;
6.387699176748441;
5.520909496849193;
6.598011138288934;
5.4173386756504645;
5.237089107505325;
5.467972347086236;
5.45714544231588;
5.480405607810426;
5.2254407069519875;
5.057726533119354;
5.049253241363111;
7.043059917100083;
5.282196511361454;
5.228291043168221;
7.20957694885642;
5.146970170933523;
6.154579556009483;
5.263927494408724;
6.023978486272173;
5.452836889404928;
5.078493865886011;
5.256044358510079;
5.28037939116076;
4.931304556742561;
4.9905381506321245;
5.341042295465465;
5.737714626055138;
5.159851609526559;
5.10680397501236;
5.512613205398598;
5.151797846775947;
5.23141779993888;
5.328267461396161;
5.342095087192175;
5.383130492061414;
5.396625057976959;
5.570899015398096;
5.561732014238244;
5.723572710109256;
5.550329752004251;
5.23256126118677;
5.752499418862718;
5.640542089091023;
5.3279008392160465;
5.556995397239508;
5.546876946263854;
5.816717063271593;
5.724665672956139;
5.884858009406627;
6.030324613268488;
5.968094381683609;
5.447842756005842;
5.510445817278541;
5.765641668881929;
5.776582607598595;
5.854262655321175;
5.864945762114706;
5.996345495210111;
5.634237649312075;
5.847576178181885;
5.716456055882488;
5.471842526345253;
5.6313353342752395;
5.648205623246839;
5.668690471446534;
5.361097747859529;
5.083139396857355;
5.075944099545679;
5.2120757362748735;
5.412712216497399;
5.513199012655646;
5.539191555994347;
5.552153013110268;
5.8686068017571404;
5.848633357766319;
5.819594130723535;
5.855336685966135;
5.7736065575174305;
5.806910746625091;
6.2758407952607635;
5.623758702785047;
5.632768765881555;
5.67399385970098;
5.835715070236177;
5.900087730609668;
5.827756684061286;
5.808360501314153;
5.633467564749858;
6.398729723330568;
5.391860194885945;
5.28206147898453;
5.3410605596595815;
5.625547372763946;
5.499378165210387;
5.587094527561565;
5.729749067831384;
5.619561369566391;
5.597693272232209;
5.705902095855908;
5.4440006316711775;
5.4407257906437465;
4.816876144300734;
5.459748851782123;
5.3529312531193005;
5.660118230755764;
5.48379045869761;
5.680896180311034;
5.587691335657356;
5.50503471101137;
5.640362726384595;
5.525888532902669;
5.562141540635954;
5.642072437895453;
5.546480143468298;
5.396387089562237;
5.4681988464174855;
5.434387157690825;
5.536309547995341;
5.402623108355517;
5.38341958740507;
5.302318316354638;
5.3087931835114475;
5.324676414875581;
5.302492537382572;
5.282491725278085;
5.448974178035186;
5.288859585701441;
5.264620743409195;
5.3628406764088;
5.171844610097714;
5.140269638405731;
5.066589542419824;
5.612445271046579;
5.149607059301386;
5.0003070284323385;
5.05469423746796;
5.445554729697339;
4.864560894223268;
4.761656745858479;
4.9561615873278;
4.711034838253158;
5.615558010849635;
5.30161661429117;
5.625604002111035;
5.5334512976734676;
4.975224864483743;
5.0212736711343195;
5.012389200720552;
5.140475048942008;
5.1878649580552665;
5.3549193540044255;
5.427068957514822;
5.0456761507902925;
5.077512512800258;
5.110973677389995;
5.220588368255703;
5.115533174019297;
4.92647028087747;
5.013535369789271;
5.09634175310251;
4.739126658221944;
4.699351120674635;
4.438788609274999;
4.499967199751521;
4.566300774021809;
4.598869799643082;
4.479392687482697;
4.654443110770677;
4.635333596857235;
4.826228036172826;
4.5920751636608514;
4.6895721374266826;
4.712973389647948;
4.824747884547251;
4.838431320863174;
4.8416564348990025;
4.961969083062684;
4.880605637873416;
4.8205866171292495;
4.818805610241011;
5.384910662258326;
4.829892729968187;
5.1046263851104285;
5.056827050461356;
5.244901771530775;
4.955177050922599;
4.752692240921112;
4.796537749523513;
4.751858668116244;
5.126673314967048;
4.832093607722112;
5.101075249906705;
4.863331491531394;
4.97857093055635;
4.825377707482336;
5.122647074229254;
4.7443844796431325;
5.08575812325732;
5.113593167555886;
5.086521486652697;
5.257697191145051;
4.970633082491234;
4.879241420872234;
4.970832695027418;
5.142454212308523;
5.0818941427941;
5.21664911909826;
5.303349450880459;
5.1490969671730555;
5.411398413835721;
5.435310284571899;
5.111185980624806;
5.557324826879402;
5.5718571283542415;
4.791189242719526;
4.868769241405243;
5.052913617889609;
5.081939637175778;
5.131800383359786;
5.009083568117459;
4.9866786351939405;
4.904005695589379;
4.9357141313876545;
4.899246388571616;
4.903310453251456;
4.92097760299831;
4.934626827269718;
5.29083313331591;
4.929697359337599;
5.0997247703606625;
5.46502895937457;
5.666873543987629;
5.4441018683021944;
5.568619595024188;
5.645028436609908;
5.204520639281781;
5.107541883490056;
5.2067836127608365;
5.211124923285344;
5.112075789439622;
5.22939089549241;
5.2937626330555965;
5.268641064982126;
5.1546295866238605;
5.1779874728372315;
5.0918706287038145;
5.032013659781109;
5.003955561622417;
4.986378271419247;
5.026440716759039;
5.2324966221628655;
5.259049103613541;
5.771515066193135;
5.674790410608304;
5.69850708492805;
5.695980855690271;
5.916783812454818;
5.347212556046986;
5.836747007119548;
5.810796415328068;
5.564941910392515;
5.394027161931258;
5.579834236693765;
5.633853204606107;
5.584362720405069;
5.433222794705838;
5.412764648362218;
5.424953992979184;
5.627753678101136;
5.525807535858402;
5.580297677400411;
5.550622688629901;
5.325465635916089;
5.726521459858677;
5.803032577873728;
5.266123214362418;
5.049605708288523;
5.034643863409644;
5.310477366225306;
5.068858679079243;
5.847370365697438;
5.812798232268541;
5.206632460500489;
5.778181384124199;
5.272534371723142;
4.858049921161946;
5.520752648339756;
4.881116175804668;
5.04658500611306;
5.06135809126635;
5.307516277878202;
5.063539401628913;
5.331072927056196;
5.493951431384245;
5.424930619704889;
5.15394230538563;
5.147195134981451;
5.1317967306447905;
5.052187099454371;
5.254603613424861;
4.921978250607803;
4.828310748087846;
4.743003849838791;
5.018497445839187;
5.221864184948352;
4.95400028565428;
5.0344638823909795;
5.015153148448697;
4.853551960065218;
5.044853675653647;
4.981913224661441;
4.7238468143226395;
4.907368101443077;
4.954073845478733;
4.873307710171919;
4.700026120853589;
4.865862538770151;
5.103430723299372;
4.95055316130993;
4.828317206099622;
4.900428853599462;
4.8474626275014865;
4.759457410674535;
4.711462042487091;
4.735860603124463;
4.800096356415841;
5.086371733782858;
4.956149102414936;
5.077864171797306;
5.154263795876718;
5.1132154798278915;
5.3576633729489656;
5.893934168315424;
6.037656720561864;
4.961340403988955;
6.263994322465689;
5.178947535341096;
5.003835451238794;
5.234751056949759;
5.442581947168883;
4.950874754556034;
5.132610004146648;
4.99471830850028;
5.269664175401074;
5.215713661204903;
5.049728597872845;
5.0697907234904624;
4.769822046033046;
4.8594631508593205;
5.2190259636520375;
4.753991407384413;
4.785378716742512;
4.901593392738838;
5.109938564693965;
4.96553843521645;
5.017930957736023;
4.94094463715915;
5.728499624451017;
4.989048394630547;
5.0111890097763245;
5.130309764480256;
5.042639535204463;
4.880894892897649;
4.955985421184716;
4.741670098621493;
5.349212296913005;
5.359442210835759;
4.527975952835128;
5.625028418328941;
4.910173276587107;
4.910204372962494;
5.2830179122683285;
4.90264293906508;
5.524309114705813;
5.511713770543651;
5.3384014958827;
5.265322986291434;
5.2958107315530265;
5.183736176484312;
4.719715171632695;
5.307268374743633;
4.840079427444331;
4.953327282043373;
5.080924710324338;
5.049460498662089;
5.0982867566702765;
5.085512324207665;
5.766312570575474;
5.719327557119401;
5.903598060634916;
5.010425981599706;
5.13956209661382;
5.2179177197752376;
4.971862074974671;
5.144570035124102;
4.928342163497869;
4.9256896880654635;
4.920217938659598;
4.880519372091068;
4.911842695648679;
4.996796711723164;
5.291176095572298;
5.329786888719441;
5.2381566642985895;
5.289173926954632;
5.414326504762336;
5.5568411066559085;
5.16741566716841;
5.13980604261231;
5.111625560440367;
5.013231985383643;
5.0008601240390425;
5.185520076030392;
5.007751036527153;
4.970283908459181;
4.971751347521412;
5.1995299770484085;
5.253464815260167;
5.1548971033460145;
5.308013732841826;
5.178401862146496;
4.966808701835423;
5.086445224274073;
5.143743708792784;
5.248963980701766;
5.224845574693571;
5.159664851256792;
5.215709747632067;
5.185602423214038;
5.15599889214225;
5.133718737671617;
4.7779367502713255;
4.751639960429014;
4.791525875273058;
4.836265278155907;
5.004113694281582;
4.8754501323627855;
4.828782214025591;
4.980926845310495;
5.064804880441806;
5.062439599957944;
4.876485545406475;
4.772902341428724;
4.868977995620734;
4.849310518242904;
4.985813377725884;
4.742187317463865;
4.847588267901465;
4.900149891073198;
4.767305908824925;
4.906520703589508;
5.056189963933843;
5.021786815243386;
4.987666006945087;
5.023114924185114;
4.971147467844979;
4.838284895424785;
5.619291876144192;
5.600770051653905;
4.9059926204437945;
5.841769362141745;
5.639033480932504;
5.332235302781056;
5.6369828844030225;
5.665708095662237;
5.524596176486032;
5.73345560363766;
5.154352926471476;
5.281785494731812;
5.037444498098338;
5.147822068449381;
4.899126032509919;
4.846465427326051;
4.985481309403067;
4.917380700178946;
4.714437730391988;
4.6549694711778224;
4.850426691639789;
5.379000650644173;
5.302815650535734;
5.322552718307355;
4.9301040851141495;
4.929787131691092;
4.928534277984562;
4.843506141439429;
4.798564384636362;
4.637977108212122;
4.897593335643109;
4.815955616464376;
4.925050603327038;
4.864106487168848;
4.940628433815009;
5.067524151296296;
4.921524540960446;
5.074091909221769;
5.017759101273768;
4.92083143992767;
4.937864630387349;
4.874211336033761;
4.907262386438978;
5.044360713481073;
4.801124472415863;
4.996392840816497;
4.974781350247096;
4.743494272162333;
4.851374571562947;
4.803009105802121;
5.17484466817047;
4.672779981410066;
5.298127809201069;
5.275118040932286;
5.492553504831544;
5.2135743307206255;
5.479144695781632;
4.8416324912012465;
5.080213029926263;
5.5192738759106375;
5.612296255055643;
4.894711281139302;
5.6305313666684205;
4.677926250789681;
5.570769134912914;
5.141754151677057;
5.3908597736950545;
5.683473433257416;
5.472491373238222;
5.125044464216481;
5.027478428412267;
5.529051246954719;
5.203116530581226;
4.992358292681783;
5.3232481115652766;
5.034660063748812;
5.653594226667238;
5.959486446798753;
5.465917315152521;
6.207409201995632;
5.333823617107517;
5.047839710213284;
5.1531973327808;
5.495716684598279;
5.259559707477426;
5.183147408454275;
5.291140878123502;
5.419700721825342;
5.432464753604825;
5.464556566224113;
5.747763525121087;
5.208386466263372;
5.246110133394855;
5.2231447580175425;
5.291108855611054;
5.257448294166334;
5.354506055801751;
5.3835750920479155;
5.453718513907796;
5.42615595599847;
5.422790210141511;
5.371509171187634;
5.636431550345365;
5.529376029581565;
5.551675699556815;
5.718676697226688;
5.726925324973667;
5.574655938301757;
5.4104381202924365;
5.52123373278549;
5.610748753501896;
5.66302217927612;
5.7273091809213845;
4.972505377535989;
5.561413449702834;
5.340178843165894;
6.196042298074604;
5.779089396813267;
6.167860152500157;
6.106094189728522;
4.936439326926009;
5.245163402013498;
6.077392062613188;
5.03657901106444;
5.72544250535953;
5.7226320394817645;
5.748716705865389;
5.711623181093463;
6.271931005631061;
5.716525094658721;
4.957201687701415;
5.617264019142777;
5.797527068127457;
5.634428891996163;
5.819800430837562;
5.947823557288164;
5.74683077812446;
5.318853567511947;
5.319351304220285;
5.3362646399822795;
5.4794994782417845;
5.521346127006685;
5.376247502437899;
5.4231892769206675;
5.501728559473382;
5.449639366095541;
5.245153642027208;
5.2952681797819485;
5.161083660108875;
5.130580769366722;
5.387147243116887;
5.243824513745647;
5.3886219527882995;
5.705521347970895;
5.717402985012626;
5.589523280474461;
5.254784951460805;
5.955341112358187;
4.760550524028421;
4.81689216271466;
4.888077232964963;
4.896672223770095;
5.006967684094222;
5.252331212019457;
5.247236662689577;
5.438653310216096;
5.566230067873111;
5.678185849850746;
5.3217446519298575;
5.249724090643365;
5.526888990269736;
4.98083895181759;
5.3714727213823705;
5.4416007115716685;
5.442959481174332;
5.030887018698515;
5.37064253514961;
5.229083516476865;
5.282562542795904;
5.238538045388327;
5.348135472284003;
5.3314890379067785;
5.201873229593086;
5.323402999739129;
5.205526719754143;
5.391844347736162;
5.2852812297454;
5.273333885599397;
4.864547938981837;
6.01069619116298;
5.795751038805477;
5.64996293095913;
5.569072526383444;
5.234419075244367;
5.395084086391182;
5.465537309729636;
5.461143768687728;
5.345241756871726;
5.3585638663065;
4.967110712524117;
5.63924202175033;
5.467394346301246;
5.285387662782752;
5.443629348582161;
5.028475864703599;
4.7856271294531085;
