73
51 -9 -2
46 -10 0
41 -10 -4
36 -11 -2
30 -10 -3
26 -6 0
21 -10 1
17 -5 1
18 -4 -5
21 -9 -7
26 -5 -9
32 -5 -8
34 -2 -3
38 2 -7
33 3 -11
28 7 -11
23 4 -8
17 4 -10
15 9 -8
20 13 -9
20 11 -15
14 12 -15
15 17 -13
19 19 -18
24 19 -14
29 21 -16
35 20 -15
38 15 -12
35 10 -10
37 12 -4
33 16 -4
29 12 -2
33 10 2
34 4 5
33 3 11
35 -2 14
31 -3 19
34 -5 24
32 -11 23
35 -10 18
31 -10 13
31 -6 9
27 -2 6
27 3 3
27 8 7
21 10 4
19 5 3
20 3 9
18 9 11
13 8 8
12 2 11
13 4 17
9 9 16
5 5 17
8 0 19
12 -1 24
15 -6 22
19 -8 18
17 -9 13
20 -14 12
20 -17 18
16 -14 21
20 -12 25
18 -7 29
20 -2 27
21 3 30
20 8 26
24 13 27
23 19 28
24 23 24
29 26 25
32 31 23
37 34 24
102
-45 -4 -25
-46 -4 -19
-41 -1 -18
-42 -1 -12
-43 -7 -12
-38 -8 -15
-34 -4 -11
-37 -7 -6
-35 -12 -8
-29 -10 -9
-29 -8 -4
-31 -13 -1
-26 -16 -4
-22 -12 -2
-24 -13 4
-23 -19 3
-17 -18 1
-16 -14 6
-18 -18 10
-14 -23 8
-10 -18 8
-11 -17 14
-11 -23 15
-5 -24 13
-3 -19 16
-4 -22 21
1 -25 20
5 -21 19
8 -18 23
6 -13 22
0 -15 22
-2 -10 25
0 -6 22
-2 -9 17
-8 -9 19
-8 -3 20
-6 -2 15
-11 -5 12
-15 -3 16
-13 3 14
-13 1 8
-19 -1 9
-21 5 12
-18 8 7
-21 5 3
-26 6 6
-25 12 5
-23 11 -1
-29 9 -2
-31 14 0
-28 17 -4
-30 14 -8
-36 14 -7
-35 20 -7
-33 20 -12
-27 21 -11
-25 16 -14
-19 18 -15
-18 20 -9
-21 14 -7
-17 11 -11
-12 14 -9
-13 13 -3
-14 7 -4
-9 7 -7
-5 10 -3
-8 6 1
-7 1 -1
-1 3 -3
0 4 3
-2 -2 5
1 -5 1
6 -2 2
6 -5 8
3 -10 6
8 -11 2
12 -12 7
8 -16 10
7 -20 6
6 -21 0
0 -24 1
-2 -19 4
1 -15 0
-2 -18 -5
-8 -17 -2
-7 -11 -1
-6 -11 -7
-11 -14 -8
-14 -10 -4
-12 -5 -7
-14 -8 -13
-20 -9 -11
-20 -3 -8
-18 0 -14
-23 -4 -16
-27 -2 -13
-26 4 -13
-26 3 -19
-31 1 -19
-34 6 -16
-31 10 -19
-34 15 -16
