1.3504063252719956;
1.6127881143524667;
1.5126419430117468;
1.6952195447104421;
2.043353800951374;
1.9239530117211026;
1.8617323877603318;
1.9739937005407007;
2.142617762211054;
2.1037092222229203;
2.0454965190959755;
2.188978374534037;
2.4125380962666316;
2.337432965213422;
2.4200696466445164;
2.4160638648339305;
2.3126176933259504;
2.4187536245520573;
2.4733360807462965;
2.460484281570417;
2.4883454558309324;
2.5192679106233067;
2.6488712837390382;
2.734951358896386;
2.7476514761662383;
2.824727793163612;
2.8206051539856776;
2.6969359274640476;
2.638548117547956;
2.684111861493279;
2.787889754159215;
2.931659970919179;
2.9766185413236155;
2.969423577594142;
2.9822196284380054;
2.8896359762698256;
3.05185657394008;
3.0785116789550098;
2.978880188870033;
2.979149873456914;
3.015015752112519;
2.866296586012364;
2.9210620131713956;
3.0143619588670396;
2.877706124567168;
2.931189521570463;
2.8612954658004655;
2.7786353158071417;
2.919920217005168;
2.969317764270419;
3.00152600028691;
3.0809896521117524;
2.9580002015452487;
2.9861625721211396;
2.9734065464966286;
3.010705504599848;
3.0405177553229255;
3.009396714653891;
3.136175873017877;
3.032955700330591;
2.9755768708258263;
2.999609110724956;
3.1340143650752883;
3.063897544433481;
3.2234173084648674;
2.9913057249795942;
3.160154883702597;
3.151085027266029;
3.1687329665950883;
3.1675099100861206;
3.128171493554474;
3.193421913558493;
3.0474056907505718;
3.0519046896878015;
2.9292673143283094;
2.890366447610312;
2.9048746616308545;
2.848599774460515;
2.7441744617201134;
2.9390624490942967;
2.7676939530594584;
2.6115527666547047;
2.595293448750728;
2.712673371599468;
2.6810836294420892;
2.6227303159403146;
2.801739249783182;
2.931736775846931;
2.825965079379629;
2.8205703698229745;
2.8552404400556304;
2.7515209180233033;
2.722848089439769;
2.8131619653818696;
2.7295048490474176;
2.72964909754493;
2.6990577791373123;
2.7527771947567294;
2.9081042439920255;
2.916268456003422;
2.807154305731685;
2.606492902815625;
2.8240441430121024;
2.738233115119523;
2.7044373740644243;
2.696246292236506;
2.7666317091637427;
2.6428043581251703;
2.669817759124841;
2.747335875370902;
2.7432371358454315;
2.734019491806;
2.5251841784799804;
2.5330391357832958;
2.5771913798703525;
2.581868337997712;
2.6242370019600285;
2.7216233243194745;
2.676935023849061;
2.8003434714550637;
2.666025016175157;
2.7943145171549455;
2.7765667914003527;
2.8908940935371317;
2.9056498787222877;
2.9447750059854574;
2.917628829297922;
2.8696604500719665;
3.0559153477569847;
2.9584265670039045;
3.0505368722571045;
2.944297902994769;
2.9798805019946366;
2.936781237007818;
3.0241451491934934;
2.8685186490220107;
3.0804032457622883;
2.9846315789057325;
2.9201071863883903;
3.022408756288862;
3.1105194417782744;
3.0892859632910383;
3.126587287485547;
3.1007636010903217;
3.1543183908341246;
3.1063954798087967;
3.0553342570657804;
2.9999752754333957;
3.1146891867571918;
3.1920182205159144;
3.2055429578000463;
3.0931511633076636;
3.26877166284389;
2.9890201702853587;
3.1574256772726215;
3.455397860470621;
3.2754998862779847;
3.021163583734568;
3.2157175743627824;
3.307999489588322;
3.2360736373075385;
3.219248635208972;
3.4936686921257976;
3.425095773252524;
3.602986248154226;
3.54095347298092;
3.4351575567445716;
3.386898791325702;
3.3905460027099936;
3.3470702880691987;
3.3505270846000355;
3.319869514788751;
3.4110691692006716;
3.4601022721754915;
3.362436257165797;
3.334821313593642;
3.543424168145507;
3.5906692560423843;
3.502536849073541;
3.509292256745735;
3.4475426256462622;
3.438559864168637;
3.3454026094781373;
3.356405416946619;
3.305706850616845;
3.370633535957734;
3.2970328969690117;
3.1686983832026514;
3.2400768538598923;
3.0958085036894882;
3.1778640639209685;
3.0567610874769855;
3.1074859762368723;
3.0388240919603664;
3.099133681213973;
3.202465893668031;
3.242955472713095;
3.145978276068229;
3.2323789010154083;
3.1522153613857165;
3.2122080832936604;
3.176285972710398;
3.1584780403759103;
3.1406561055686;
3.346273116351382;
3.4556301864991807;
3.3304553881989003;
3.3242358125860756;
3.4590364570145855;
3.4758321460515758;
3.4583998561337;
3.361522941810713;
3.272457532367992;
3.3624002600911695;
3.3433000599551863;
3.241114085660154;
3.1818434238561433;
3.0192947116589517;
3.024523265996759;
3.1944881788324233;
3.1462438395626173;
3.231182306325146;
3.2289815495473073;
3.3995739375839493;
3.3907604034649115;
3.3175453854625765;
3.360147313010331;
3.4947528169207964;
3.2922811755287693;
3.2729916604365963;
3.2577511414160236;
3.325818924924763;
3.3092057410381153;
3.3252543516121436;
3.402099058197079;
3.3968393993687513;
3.4131961554179777;
3.4435078054414863;
3.3728615787405865;
3.1943943359344136;
3.3366787940680718;
3.319317357912432;
3.2643016794765978;
3.258936740924;
3.3071053741119805;
3.334213237656868;
3.449466465074435;
3.518980653700262;
3.47070125999526;
3.2948529184619657;
3.3836582835916;
3.458147578107285;
3.396706735033572;
3.3218891212927195;
3.360495912058073;
3.419236533000342;
3.4329375755353904;
3.2421992615118325;
3.423536628578385;
3.3928007212138196;
3.6313435702796184;
3.7455342727689804;
3.6986791552216656;
3.6062980710883403;
3.60877803696109;
3.580163175103467;
3.5403181147150757;
3.59604363142068;
3.6582609767391903;
3.598707653965332;
3.49516792031446;
3.558878814313198;
3.409447992128128;
3.4129092665546423;
3.2929968754423373;
3.2868995950643525;
3.423845092981037;
3.506157944799085;
3.6177760892729323;
3.6856729116117464;
3.739314240747999;
3.7985013972032893;
3.8050268826959877;
3.8675781494875934;
4.011036595821855;
3.6779728216091745;
3.7902899112774113;
3.7075892692066805;
3.7149464942446238;
3.627424120063965;
3.554320690350259;
3.56895581268821;
3.566277288135455;
3.596344222153076;
3.686245317862935;
3.6786928137093;
3.6590375005004554;
3.68399318330039;
3.9364368530104077;
3.634967689933087;
3.6756791721179565;
3.4933270033312493;
3.616618551871199;
3.6582857613167095;
3.7190285168869353;
3.710960948513386;
3.695206661123213;
3.7097437718076756;
3.798989363650773;
3.8478968528379225;
3.518813182950349;
3.544000930359687;
3.4274235346738084;
3.353292704971268;
3.5591576805133442;
3.5859342625623607;
3.8517394644884866;
3.6553289518796896;
3.6590569974053273;
3.5935371882095946;
3.468476712569616;
3.5046244559017627;
3.5357220960328792;
3.6187459307074037;
3.658302457079836;
3.566060929491239;
3.6243632396103123;
3.6273950711077694;
3.604739057322161;
3.540466822305894;
3.3886622138369322;
3.49272592910508;
3.493783812522024;
3.491684296914212;
3.4183445991389942;
3.624943179672596;
3.582168686990807;
3.4542354075251374;
3.556114803572618;
3.490765156617625;
3.667344476813995;
3.8269969444907366;
3.5785201435179426;
3.728046744605511;
3.649023174764765;
3.685919522892199;
3.5597893797775257;
3.4876602597046786;
3.7078425376070347;
3.7294730160202234;
3.4292939961696702;
3.503686176666586;
3.8244845570534363;
3.9389155453072378;
3.6331398672739335;
3.5105081444768045;
3.617256927570864;
3.7627277723864374;
3.8195355308437993;
3.8111184089751893;
3.6648110340333315;
3.600340246646845;
3.6739038781000897;
3.755381011530648;
3.6224837531352505;
3.6664799897603646;
3.3605945798429926;
3.609182749031615;
3.5814939355122983;
3.6888870265964524;
3.7093547664704682;
3.7560636490075265;
3.8427730339604116;
3.8311187307039947;
3.905222501252444;
3.955896754162463;
4.008705718821988;
3.946950347535128;
3.7018968959788774;
3.77951360469553;
4.0194920511841215;
3.827504467201237;
3.8961999141566683;
3.9920767824746894;
3.807304245651147;
4.153250412169782;
4.233530861851242;
4.243935139496081;
4.086711430937327;
4.250869510474694;
4.326709179620343;
4.2451109356574195;
4.1448003614259905;
4.163073381596225;
4.28265358942253;
4.109037653893963;
4.239070965023436;
4.251319419000532;
4.252814631353453;
4.287317442364074;
4.106408408336068;
4.068471986648387;
3.9630754005753874;
4.008299084035648;
3.9170547412691574;
3.9178530985592555;
4.06348251424062;
4.239368598652566;
3.974104714170857;
4.208631833105453;
3.71958416954656;
3.801619296074019;
3.9276615820814627;
4.07334072971293;
4.100467639860208;
3.8465977904243585;
3.9609441905811833;
3.919439585545111;
4.308800750049443;
4.045248611073224;
3.9851458035133076;
3.892253697033995;
3.9840547673651225;
3.9661983143467694;
4.067041872552294;
4.068895954090745;
4.148663339095416;
4.197580482025343;
4.286777535036016;
4.19537101100347;
4.140602146028043;
4.176457006785157;
4.230708381843865;
4.132809289492272;
4.170509448950218;
4.206482764322956;
4.113898366670287;
4.15661941283394;
4.170360885220615;
4.139618104891687;
4.243240008795459;
4.199781372535708;
4.186217267605585;
4.17958177815526;
4.184385368206561;
4.27012687001765;
4.354087210430198;
4.421340307113884;
4.399929090380118;
4.281316198072439;
4.5872448782316;
4.514365701885417;
4.376725758772811;
4.316572094730085;
4.387521568409783;
4.502612238651558;
4.421220117426253;
4.405627248242507;
4.524862875047593;
4.320703889209024;
4.382835461489486;
4.34799930154668;
4.53389180791448;
4.468442783213661;
4.344112512517894;
4.085588833512844;
3.970801868864106;
4.263236857778781;
4.317500607061628;
4.430972373708709;
4.2680880713680125;
4.116657122093731;
4.2094007105071105;
3.954050789490948;
3.9713673319440157;
3.8284449517851273;
3.851833618794888;
3.7889474410816733;
3.978736348432548;
3.938860505831409;
4.176336909758839;
4.324445329849038;
4.351245432860734;
4.346073371517594;
4.345850795794367;
4.210314903844425;
4.363540406007673;
4.057884731082835;
4.246823573154811;
4.303090388601938;
4.393955331325398;
4.106992881274264;
3.868623389278696;
3.8748720725524817;
4.315838963088206;
4.031989097566929;
3.7714047368791075;
3.877037391849313;
3.790525125960695;
4.052547268967099;
4.07154869313522;
3.9651896528406256;
4.101926594521696;
4.00394524102585;
3.9996813110192577;
4.0496800973942815;
3.869145982807217;
4.036186127409424;
4.502401258473558;
4.277300604049185;
4.246240222735945;
4.455252966241222;
4.5733797374108;
4.833549930291295;
4.868808419283055;
5.225915490415785;
4.758814490023322;
4.717860418615666;
4.8904725932935715;
5.077296459502502;
4.850458209298675;
4.983703180406715;
4.8468541327614165;
5.01522191638744;
5.036272824264384;
5.168713194016737;
5.3786077485999035;
5.384967257665803;
5.458264581075559;
5.375355830871703;
5.695815897142825;
5.364841198323205;
5.507440114049733;
5.453973299501235;
5.335609503317914;
5.193873684418568;
5.620569500453631;
5.419775975098203;
5.200524646592533;
5.154323305261129;
5.453617582002527;
5.365604677119962;
5.256046804067277;
5.0770818464378795;
5.163529861940128;
5.32744030193768;
5.564813555765622;
5.245816617864282;
5.704182310831993;
5.310461178889789;
5.214259826108287;
5.103817295709598;
5.10986051982522;
5.255069892974436;
5.158069891504126;
5.319439035513562;
5.367549622707794;
5.2760892340409375;
5.300957505145489;
5.212972967083771;
5.239869815222635;
5.353127848509993;
5.329559070341289;
5.326833315580527;
5.2238865951589215;
5.043498106838755;
4.8809490820243795;
4.962728212729217;
5.01838539388465;
4.893566031260964;
4.83488739362894;
4.759817775195266;
4.946155226531149;
4.811376025732694;
5.037153987526869;
4.8103510739145605;
4.998548047522818;
5.079471259391307;
4.808340014478111;
4.822888609943804;
4.917215995930688;
5.131622486109279;
4.771223274351463;
4.5903274526593485;
4.561197096815505;
4.566271044137087;
4.623872689520882;
4.558523696142372;
4.747459435153936;
4.853518831918446;
4.76032627439559;
4.819710360312471;
4.663991635765761;
4.740450556725525;
4.999780340508934;
5.018768188473538;
5.14898166043339;
4.980692811119376;
5.312400275507166;
5.014835914697215;
4.941538059545488;
4.964216011138908;
5.0110747710120584;
5.2050340164128395;
5.164510542158712;
5.10515539635677;
5.122748430664602;
5.087089125194682;
5.210229968699144;
5.208933246316331;
5.16868409764237;
5.1707713388683665;
5.0773032385141965;
4.793021863244467;
4.723219849899701;
4.826337278810644;
4.841225341926755;
4.962479127055112;
4.692847233034496;
4.666737987376441;
4.938614174733157;
5.034549579411573;
5.088295149220958;
4.963828426183898;
5.026516912173681;
5.2231017132069395;
5.034625692661668;
5.179330686016443;
5.24077256219589;
4.922118924108492;
4.808232477710958;
4.950595397055641;
5.050379440179005;
4.9946549229386035;
5.017362228737426;
5.106266360545022;
4.986911217912008;
5.381946148685696;
5.344660629253187;
5.2538656187766914;
5.355997189864005;
5.42257297270081;
5.603969614038414;
5.776427835147039;
5.404096041380112;
5.259517767840772;
5.467783270078824;
5.382860380529665;
5.135278213652342;
5.130083933646594;
4.917789378431715;
4.8971996520385845;
5.100072786495171;
5.235116422492108;
5.18510731359351;
5.121476587216883;
5.13050765580051;
5.21296495218699;
5.086259237144348;
5.10950434468745;
5.162827059738845;
5.098931531168549;
5.201388925582645;
4.809711772801508;
5.261251401622682;
4.683422209598349;
5.042760868211818;
5.328979235449785;
4.785338476195132;
4.833349187417722;
4.934716551789667;
4.858122492547814;
5.143417869521533;
5.0925797009843965;
4.627086048719831;
4.668738582387567;
5.086609467753059;
4.882378432293722;
4.622683138197054;
5.32077307091569;
4.746110032193252;
5.120511824389228;
5.01775161085693;
5.2797728309404475;
5.2986239034533895;
5.434216861441386;
4.839994374333037;
5.3121418728460155;
5.027508515524263;
5.139656536800913;
4.742208675491753;
5.419188556240507;
4.722748327845188;
4.698847573041692;
4.748472551866672;
4.677539449048916;
4.559939825356364;
5.403801245795529;
5.423344312586171;
4.752378066082229;
5.345745738013076;
4.979988001103145;
5.532292748795369;
5.633759337509402;
5.174403051155716;
5.048776890193239;
5.217096834961693;
5.050304437014201;
4.716618018541081;
5.410677795450497;
5.325871333677863;
5.269783921967666;
5.198321977756327;
5.065960318670285;
5.361379773932162;
5.158158573892595;
5.2501450431676275;
5.178598443070146;
5.158999943276264;
4.91022521234181;
5.263465682620153;
5.156920071591537;
5.307267555332704;
5.424982675872707;
4.884906906118975;
5.199547498895253;
5.223370181819457;
4.904254143709407;
5.096020327760895;
5.630030892035974;
5.612623840546752;
5.467716291512626;
5.230698346838003;
5.1397629824229645;
5.390469472616425;
5.361302068748982;
5.477958631940202;
5.150534039805812;
4.835586372379002;
5.27760906469922;
5.349230396772766;
5.252506931965661;
5.296077572930745;
5.298580903751365;
5.3510831162896;
5.051585713830323;
5.6791208420160855;
5.557637978691026;
5.13281740088429;
5.128513466573941;
5.0374633898758345;
4.991789900375401;
5.258529318695946;
5.298665091269316;
4.928748225740043;
5.054119631991272;
4.925695772958265;
4.949622844717127;
4.874159367968853;
5.0314044947886645;
5.025616794774876;
4.995114828715068;
5.040614522376302;
5.074584784583014;
4.815377089222334;
4.811465638217218;
5.0243511838175285;
4.866020652167305;
4.821869062995527;
5.247389681556981;
5.258421279902187;
5.2073896589936535;
5.138190207424255;
5.188992389131876;
5.166390945662407;
5.1686232711528195;
5.202847829652777;
4.962936119985627;
5.1430809686089205;
5.277375863874094;
5.4372282514881105;
5.325151217410264;
5.535561578042016;
5.526162424203473;
5.572358860780815;
5.723794455055493;
5.680689846209336;
5.452885317621538;
5.782913886737653;
5.665848282852331;
5.6159024840892;
5.632202126666673;
5.312949021372265;
5.144344126926808;
5.356578863377025;
5.686176174306929;
5.486527863942178;
5.477868800489347;
5.38896591776634;
5.515153926913737;
5.648171817262147;
5.806176647484348;
6.271444264022678;
6.124050232815911;
6.118420620221695;
5.9138021061337644;
6.162386977155684;
6.353153727419409;
6.074614759088351;
6.0642759343386645;
6.376761416916071;
6.122624149110809;
6.017846633810568;
6.176539344165759;
6.078725469423679;
5.717745622797736;
5.796196502552583;
5.7690034255236755;
6.020358340196162;
5.832648906995358;
5.84549729018309;
5.961768128066101;
5.995047166533444;
5.971632537424472;
5.953338605736537;
5.957143451066366;
5.8922083184851;
6.050289443684633;
6.123515802043622;
6.088270528269639;
6.125030186814525;
5.963803101930695;
6.108918606847922;
6.02355311656074;
6.071256610288452;
5.86392160927675;
5.951927155178875;
6.170665076154714;
6.369203403306844;
6.220471103150227;
6.2744806758362905;
6.412041155764929;
6.2972591181475925;
6.2710406926107165;
6.145274639150593;
6.129608814902795;
5.97317490872828;
5.894614179446118;
6.259943785559756;
6.237179761837357;
6.132190700407254;
6.201575967817377;
6.08020680882234;
6.352323602892249;
6.213770848469205;
6.322694468305628;
6.296557065539113;
6.2438995953642165;
6.187550343436038;
6.048628628765157;
5.918478055917378;
6.144517372240234;
6.01148871626477;
6.048537377049545;
5.877177317645214;
6.179827668499933;
6.160697616705503;
6.316654443987634;
6.271351909853445;
6.4106646543772206;
6.097423113066919;
6.299292712849547;
6.379630130756851;
6.087947936483529;
6.243054510942383;
6.217814200604602;
6.0168297073998955;
6.018345188490925;
5.961745202937991;
5.96958409660129;
6.144089129429042;
5.8636088052881625;
5.7932142946898875;
5.885470197862919;
5.768761898699698;
6.109991265848226;
6.104628411735563;
6.294442935574924;
6.031259137684958;
5.999488252285977;
5.959166776993085;
5.521847045618275;
5.901729463389431;
5.714152408553489;
5.683428991782855;
5.8038363831465025;
5.660138357827579;
5.703006180611832;
5.787231769389381;
5.763809403808261;
5.697537696920986;
5.96810009853121;
5.541623212670143;
5.58673180861876;
5.623893534683488;
5.719465852267309;
5.577906865488085;
5.728077806446187;
5.961518106746111;
6.014084676162933;
5.9239308431220215;
5.834620562430108;
5.805086581175407;
5.8701336637320125;
5.737267217947248;
6.516428083557846;
5.674104153561536;
5.807049720899404;
5.891767175304781;
6.1177266097023555;
6.074826353962995;
6.046872985727413;
6.092294381669747;
5.911938940090539;
5.587911542140355;
5.585046111304444;
5.645431858196614;
5.787729821964629;
5.953967070538688;
6.2040652966745675;
6.229534966364956;
6.225295376110503;
6.23612245531064;
6.416277990496209;
6.142633625589975;
6.3773535499516365;
6.350245071991467;
6.467489868604255;
6.109871957419744;
6.198414121705861;
5.902333651607072;
6.274835855478531;
6.231734501672707;
6.391851104164126;
6.704594408290546;
6.609786471198838;
6.481703660769073;
6.573704950107952;
6.901630717106639;
6.620813218275265;
7.189384868129725;
7.104349788448257;
7.038580872264057;
6.890615162579179;
6.371769664001519;
6.479490575107529;
6.392366307128049;
6.450279373924736;
6.485342691646855;
6.129508206669958;
5.922229499852577;
6.386831590431519;
6.30042712026815;
6.047324993165411;
5.709791354693806;
5.737624327105959;
5.88189457958152;
5.6883958180511485;
5.557229292021819;
5.517199200267653;
5.565946165429622;
5.6033365970336355;
6.025378105546926;
5.921980591946882;
5.818574828543087;
5.858272036815976;
5.641120933283131;
5.850195787226866;
5.879239606301114;
5.9594527705917315;
5.73649151203728;
5.596261082660549;
5.644186909048187;
5.821385093413211;
5.71792544687396;
5.582953247775773;
5.845151681672912;
5.880962619607189;
5.686016078264805;
5.938122392259046;
5.902271136744964;
5.846762639971397;
5.874952464129054;
6.092910801069896;
5.9234600929286145;
5.66823973637755;
5.39885707978635;
5.557580542438614;
5.396564642366522;
5.416811116628565;
