          73
  -18  -20   28
  -17  -20   22
  -12  -20   19
  -10  -25   16
   -6  -23   11
   -4  -17   12
    0  -15    9
    1   -9    8
    2  -11   14
    5  -16   16
    2  -21   18
    6  -26   17
    8  -29   22
    4  -26   25
   -1  -25   27
   -1  -19   25
   -1  -14   23
    5  -11   23
    3   -5   21
   -1   -5   25
    2   -7   31
    4   -2   30
   -2    1   30
   -4   -3   35
   -6   -8   32
   -5  -10   37
   -6   -6   41
  -12   -7   41
  -14  -12   37
  -13  -11   31
  -15   -5   30
  -14   -7   24
  -19  -10   22
  -20  -10   16
  -22   -9   11
  -19  -10    5
  -22   -8   -1
  -19  -11   -6
  -16  -16   -4
  -14  -21   -2
  -12  -19    4
  -12  -17    9
  -10  -13   12
  -12  -10   16
  -14   -4   17
   -9   -1   20
   -5   -4   17
   -8   -3   12
   -8    4   12
   -3    4   14
   -3    1    8
   -5    2    3
   -3    6   -1
    0    3   -5
   -1    4  -11
   -4   -1  -10
   -8   -2   -5
   -4   -6   -1
    1   -8   -3
    1  -13   -1
    0  -19   -4
   -2  -17  -10
   -6  -14   -7
  -10  -10   -6
  -12   -9    0
  -15   -3    0
  -16   -1    5
  -17    3   10
  -15    7    6
  -11   11    8
   -6   14    8
    0   14    7
   -3   15    2
          66
   -6   33  -37
   -9   30  -41
   -7   24  -40
   -4   20  -37
   -9   20  -34
   -9   24  -30
   -4   27  -32
   -1   25  -28
    2   20  -30
    5   19  -25
    9   21  -28
   13   21  -24
   15   15  -24
   13   14  -19
   10   18  -17
   14   18  -12
    9   19   -9
    7   13  -11
   13   11   -9
   13   14   -4
    7   11   -3
   10    6   -4
   15    8    0
   11   10    4
    8    4    3
   13    1    3
   14    3    8
    8    1   10
    9   -4    8
   15   -4   11
   12   -3   16
   10   -9   15
   14  -10   19
   16  -14   14
   17  -12    9
   17   -8    5
   12  -10    1
   16  -10   -3
   13  -13   -8
    8  -10   -8
   11   -4   -6
   15   -5  -11
   11   -6  -15
    8   -1  -13
   14    2  -14
   14   -1  -20
    8    2  -21
   10    7  -19
   15    6  -23
   12    5  -28
    8    9  -27
   10   12  -32
    8    8  -36
    4    5  -34
    0   10  -35
   -5    7  -33
   -2    6  -27
    1   11  -27
   -4   13  -27
   -8   11  -24
   -5   11  -18
   -3   16  -18
   -1   17  -12
   -2   23  -12
    2   24  -16
   -4   26  -19
