73
-23 -26 8
-20 -29 13
-14 -29 12
-11 -32 17
-7 -27 18
-7 -21 16
-2 -20 12
-1 -15 14
1 -16 19
1 -23 19
-2 -24 24
-7 -27 24
-13 -24 23
-15 -26 28
-11 -23 31
-9 -18 32
-5 -15 28
0 -13 29
-1 -7 29
-6 -8 33
-2 -11 37
2 -7 37
-2 -3 38
-4 -6 43
-9 -8 41
-12 -12 44
-17 -16 44
-19 -20 40
-18 -19 34
-23 -15 33
-19 -11 35
-16 -11 30
-19 -13 26
-19 -16 20
-21 -14 15
-22 -17 10
-22 -14 4
-26 -14 0
-22 -18 -3
-22 -22 2
-16 -21 4
-16 -20 10
-12 -16 14
-12 -14 19
-16 -9 19
-11 -5 21
-7 -8 18
-10 -7 13
-11 -1 15
-5 0 15
-5 -2 10
-9 1 7
-7 6 10
-2 6 6
-4 2 1
-10 1 -1
-9 -5 -4
-10 -10 -1
-5 -12 2
-5 -18 -1
-7 -17 -7
-6 -11 -7
-12 -10 -9
-14 -5 -8
-17 -4 -3
-22 0 -2
-22 3 3
-28 4 6
-29 7 11
-34 8 13
-38 13 12
-38 15 18
-42 20 17
66
13 49 -36
16 44 -36
12 40 -37
15 35 -37
18 36 -32
13 37 -29
11 32 -31
16 29 -29
15 32 -23
9 30 -23
11 24 -24
15 24 -20
12 27 -16
7 23 -16
11 18 -16
13 21 -10
8 21 -8
8 15 -10
13 14 -7
11 16 -1
6 12 -2
9 7 -3
13 9 2
8 9 6
6 4 4
12 1 4
13 3 10
7 1 12
8 -5 9
14 -6 12
11 -6 17
8 -11 16
11 -17 16
8 -19 11
12 -20 6
7 -19 2
7 -13 4
13 -13 4
13 -15 -2
9 -11 -3
12 -6 -1
17 -8 -4
13 -7 -9
11 -2 -8
17 0 -7
19 -2 -13
14 0 -16
15 6 -13
21 5 -16
19 4 -21
15 8 -21
20 12 -20
23 10 -24
19 11 -28
18 17 -27
24 17 -27
24 15 -33
20 19 -35
23 24 -32
28 22 -35
25 22 -40
23 28 -40
29 29 -39
31 26 -44
27 29 -47
29 26 -52
