73
81 67 81
77 65 85
73 61 83
69 59 87
63 56 87
59 60 83
53 60 86
50 61 81
51 55 79
54 52 84
60 51 81
65 53 81
68 57 78
73 54 76
68 51 73
64 51 69
58 53 71
53 50 70
50 54 66
55 53 62
55 47 63
49 47 62
49 50 57
54 46 55
59 49 56
64 45 56
67 49 59
73 49 62
73 52 68
73 58 67
69 58 62
65 60 65
68 65 67
68 67 73
66 73 75
68 74 81
64 79 83
67 83 87
63 81 92
67 76 92
63 72 89
65 69 84
61 67 79
61 64 74
61 69 70
56 67 67
52 65 72
53 70 74
52 74 69
47 70 69
45 72 75
47 78 73
42 78 69
38 79 73
41 80 78
45 85 79
47 82 85
51 78 86
49 72 87
51 71 92
51 76 96
47 79 93
51 84 92
51 88 87
55 85 83
61 88 82
64 84 78
70 83 80
73 79 77
73 74 73
76 69 72
74 70 66
77 65 65
64
49 96 63
49 91 67
55 91 68
55 86 72
52 82 68
56 84 63
61 83 66
59 77 67
58 77 61
63 79 59
66 76 63
63 71 61
64 73 55
70 74 56
71 68 59
68 65 54
72 68 50
77 66 54
75 61 53
75 61 46
80 64 46
84 60 49
81 55 46
83 58 41
89 59 43
89 53 44
86 51 39
90 54 36
95 51 39
92 46 39
92 47 33
98 48 32
99 42 35
96 40 30
91 39 34
87 42 31
82 39 32
83 40 38
84 46 37
78 46 34
75 43 38
77 47 43
75 52 39
70 49 38
69 48 44
71 53 46
67 56 42
62 53 44
64 55 50
63 61 48
58 60 45
55 57 50
57 61 54
55 66 50
50 63 50
49 63 56
50 69 56
46 70 51
42 68 55
44 72 60
44 77 57
38 75 55
36 75 61
30 73 59
