73
29 35 27
33 38 23
29 36 18
33 39 14
34 38 8
37 33 6
41 35 2
42 29 0
36 29 -2
35 35 -2
30 35 2
28 36 7
28 32 12
22 31 12
21 26 8
24 23 4
26 24 -2
23 22 -7
28 18 -9
28 16 -3
22 15 -4
23 12 -9
26 9 -5
23 6 -1
26 9 4
23 10 9
20 16 9
16 19 7
15 25 4
15 28 10
19 24 13
23 20 13
28 18 16
32 23 17
38 23 19
41 28 22
48 28 22
51 31 26
54 34 22
49 38 22
46 36 17
41 32 16
39 28 12
35 24 10
37 18 13
37 15 8
40 19 5
45 20 9
45 14 8
46 14 2
50 18 3
53 15 7
54 10 3
59 13 1
60 18 4
62 20 10
61 26 10
56 29 11
53 31 6
52 37 7
58 39 10
62 34 8
64 33 13
64 27 15
59 25 18
58 25 24
56 19 26
53 21 31
47 21 30
42 24 32
36 24 32
32 27 28
26 27 28
92
14 4 118
20 5 116
22 1 112
28 2 110
27 5 104
24 9 107
29 10 111
33 10 107
29 15 105
29 17 110
35 17 111
37 19 105
33 24 106
35 26 111
41 25 110
40 28 105
38 33 108
43 33 112
47 33 107
43 37 104
43 41 109
49 40 110
50 42 104
46 47 105
50 49 110
56 48 107
53 52 103
51 56 107
56 57 110
58 58 104
55 64 104
60 65 108
65 62 107
68 60 102
69 55 105
71 50 101
71 46 106
65 47 106
64 46 100
67 41 101
63 39 105
59 40 101
62 36 97
62 32 101
56 32 103
54 31 97
58 26 97
55 25 102
49 25 99
51 22 95
53 18 100
47 18 102
45 18 96
48 12 95
46 11 101
40 12 99
41 8 94
44 4 97
39 3 101
42 -1 105
41 -2 111
46 1 112
45 6 108
41 8 113
45 8 118
49 10 113
45 15 112
44 16 118
51 16 118
51 21 114
46 23 118
50 23 123
55 25 119
52 30 117
52 32 122
58 32 123
59 34 117
55 39 118
59 40 123
64 40 120
61 44 116
60 47 121
66 46 123
68 49 117
64 54 118
66 55 124
72 55 122
71 60 118
66 62 122
69 63 128
75 66 127
78 67 133
