73
13 55 -16
18 56 -12
23 53 -12
28 54 -8
34 54 -8
36 51 -3
41 55 -1
44 51 2
45 48 -4
45 53 -8
41 49 -11
35 49 -12
31 45 -9
30 43 -15
33 38 -14
38 35 -11
44 38 -10
49 36 -13
51 33 -7
45 31 -6
45 28 -12
51 26 -11
49 23 -6
44 21 -9
40 24 -5
34 23 -6
32 27 -10
34 29 -16
36 33 -19
30 36 -19
28 34 -14
29 33 -8
27 33 -3
26 39 0
25 41 5
23 47 8
24 49 13
21 54 16
26 58 17
25 59 11
29 55 8
28 51 4
32 46 3
33 41 1
32 36 5
38 33 4
42 38 6
38 40 10
37 35 13
43 34 13
43 40 16
39 38 20
43 33 21
47 37 25
43 42 25
38 44 28
38 49 24
36 51 19
41 51 15
42 57 12
41 60 18
42 57 23
36 58 24
33 54 28
29 50 25
23 51 24
19 46 25
14 48 22
13 49 16
13 55 14
8 59 13
3 60 17
-2 64 16
92
52 15 -19
54 18 -13
59 16 -10
61 19 -4
66 22 -7
62 25 -11
58 27 -7
63 29 -4
64 32 -9
59 35 -9
59 36 -3
64 39 -4
62 43 -8
57 44 -5
61 45 0
65 48 -3
60 52 -5
58 54 0
64 55 2
64 58 -3
59 61 -2
60 63 4
66 65 2
64 68 -3
60 71 1
65 72 5
68 75 1
63 78 0
62 80 6
68 81 8
69 85 4
63 88 3
63 89 9
69 89 10
71 85 14
74 80 15
69 78 19
68 73 16
74 71 15
73 66 19
69 64 16
72 65 10
77 62 13
73 57 15
70 57 9
75 57 7
77 52 11
71 49 9
73 49 3
78 46 5
76 42 8
71 41 4
76 40 0
79 36 3
74 33 4
73 33 -2
78 30 -2
77 26 3
73 23 0
70 20 5
64 20 6
66 23 11
68 28 8
62 28 5
60 27 11
63 33 12
62 36 7
56 36 8
57 38 14
61 43 12
56 44 8
53 45 13
57 49 15
58 53 11
52 55 11
53 56 17
59 59 16
56 63 12
51 65 16
56 67 20
58 71 15
52 72 14
52 74 20
56 78 18
54 80 13
49 81 17
52 84 21
54 88 16
48 90 16
47 90 22
49 95 23
48 95 29
