1.6932099953015514;
1.7393672091852805;
1.992099056212548;
2.3520745321220846;
2.4459849326144165;
2.453532229324446;
2.581344890080052;
2.364562646806032;
2.556803645388211;
2.698031889749023;
2.617677657036771;
2.6060857273760547;
2.6184339228391473;
2.9006195366861167;
2.9196264383667887;
3.074580530641054;
3.105177214004124;
3.064754491407051;
3.0303759554661713;
2.992743901003436;
2.7374833858662413;
2.899251932995822;
2.7926729952157285;
2.89546680515162;
3.041422889042229;
3.1008087966434146;
3.164956645556263;
3.129041875286235;
3.192650154440396;
3.2866163290897963;
3.3432640914302385;
3.138539557022317;
3.335439725903282;
3.492950818542138;
3.388934959396014;
3.3184452557783;
3.32499570287587;
3.3506819633376974;
3.242467975893645;
3.4602726457211075;
3.663293605562778;
3.6590498834085547;
3.6949299847843347;
3.782902139475918;
3.6976211467564615;
3.6556782689279887;
3.854891315685972;
3.830669490978419;
3.8269774347109626;
3.9558728152085534;
3.990784386246104;
3.8292498916680513;
3.8834036150581976;
3.9194678758774764;
3.7884016720689853;
3.9482056639235483;
3.7740041364383186;
3.8790358028486627;
3.71611457017915;
4.393896797078008;
3.9671633429240383;
4.079314136772864;
4.399761939234275;
4.465927088862046;
4.357456292793808;
4.407845654988323;
4.753271060044445;
4.433835216483587;
4.578179818927614;
4.440014879601783;
5.039757097154023;
4.902216221916374;
4.994198295803868;
5.118167419745554;
4.6492895746121965;
4.653343159375912;
4.566238475375797;
4.382661675677022;
4.416387777144591;
4.484418770524422;
4.620222560161552;
4.735979358181135;
4.655324953862866;
4.8723564646621105;
4.864595478852989;
4.827211047065607;
4.476184714515216;
4.695388801093452;
4.747033807201615;
4.652629466884613;
4.981307324516344;
4.822059759985402;
4.717266619055768;
4.6216885124997775;
4.780331909215362;
4.367976289351173;
4.4544475970852195;
4.753929013748828;
5.1033704435424045;
5.039878933449176;
4.988773321273285;
4.940014855033559;
5.103961482205504;
5.917666154805626;
4.588521431016343;
4.616620572465967;
4.543246687890041;
4.802190030522753;
4.649008476634432;
6.497187995622964;
5.643500069450541;
4.446924299026106;
6.443067916120634;
4.7998286528995004;
5.864384783490164;
6.552188483941169;
6.415381883612489;
6.517902682855811;
6.146263617195701;
5.937460639673323;
6.316731984960333;
6.175808857394155;
6.247520805794607;
6.0206386945467045;
5.5170885462372325;
5.528846830693074;
5.749963395934888;
5.72254277286036;
5.919640799813752;
5.650547395232319;
5.713390726398976;
5.775048621843095;
5.74631224457383;
5.791163161768587;
5.782474296654887;
5.971358929625873;
5.834301634259753;
5.826614522381958;
5.939784764534278;
5.835302033270845;
4.612681884227521;
6.0850654925824035;
5.895307227452002;
6.104544565488111;
4.615028306482065;
5.954843307101376;
5.722503097795763;
5.515957562281365;
5.4614173055967115;
4.928265581870431;
4.954468268121466;
6.043608134237784;
6.397480125599052;
6.175847372051325;
5.551618257871602;
6.071396218765455;
6.069158158336485;
4.6926518852417525;
5.746725616411712;
6.377072044929003;
5.9130223872750465;
5.962189568452643;
5.67567517105264;
5.28952762679302;
4.973709361557163;
5.409351581988651;
5.331016856572806;
4.907267595090421;
4.864703299050455;
4.715047885789716;
4.733231173359992;
4.805524932752065;
4.845334508267873;
5.0334715450945575;
5.167076613010471;
4.849180487348431;
4.976194076876664;
5.20820575157418;
4.9287893270897065;
5.022650635625194;
5.092838466965855;
4.8017586289710685;
4.8409021061355855;
4.7969221235515125;
5.063134420023046;
5.211125564820413;
6.259597167281549;
5.093896412815866;
4.8122589860344345;
6.137542263320556;
5.291545895656711;
5.16796749669712;
5.075012393765301;
5.860067293997039;
5.148719979735267;
5.201874065666879;
5.318482733686783;
5.493928346739177;
5.176516204827191;
5.137076996988188;
4.993009972967255;
5.0955962389504785;
5.071076551920295;
5.111075038016226;
5.011921233210829;
5.035785494580321;
5.099213956300989;
4.990229661441456;
4.664878671382918;
4.777171540456624;
5.167560176519861;
5.12205784249447;
4.977239548167583;
5.470760973523191;
5.414579091035339;
5.308001286310576;
5.354392692894958;
5.35513595779426;
5.41844508063866;
5.4068002405487094;
5.240040384309381;
5.1022731367572085;
5.305612904113379;
4.9299874512556405;
5.234781407281317;
5.438009444517339;
5.065441102472293;
5.1707817295206135;
5.69976882648744;
5.990636101927157;
5.060218196523925;
5.269982347400176;
5.3758906573436835;
5.53647799733905;
5.211603099544605;
5.232645962111682;
5.567204598061225;
5.5777483838806114;
5.624283388122675;
5.6426476479918275;
5.567103213880477;
5.57349986447695;
5.434129722928799;
5.728424900111893;
5.815664915626363;
5.550250015572888;
5.558145885761716;
5.572063364564756;
5.5462941220242525;
5.284529823858554;
5.267850404817902;
5.319526874226345;
5.546205066466998;
5.670999867612688;
5.415587808112595;
5.366944782772067;
5.3625041373437385;
5.284010419150201;
5.2333825318951215;
5.227155792142287;
5.310373560350985;
5.18772645083743;
5.197044295483824;
5.408067207975511;
5.522921979539579;
5.415753748542992;
5.300459805311999;
5.3970501172973675;
5.55966045130144;
5.604693024222643;
5.623221777554852;
5.650319353324341;
5.380589303585214;
5.407397820084398;
5.662968829469969;
5.518126975638502;
5.533391821102544;
5.256720520025723;
5.486134094079736;
5.46086720359204;
5.47182691465858;
5.677174782525426;
5.526271277101265;
5.628313389357296;
5.598823155030971;
5.565931445987213;
5.557289620097335;
5.525087272518133;
5.669490306204072;
5.523322140581921;
5.391453852786703;
5.281607286620967;
5.36402521861593;
5.3075735240444315;
5.290518391442412;
5.379897730262418;
5.42303757141432;
5.406283119669799;
5.5913952556689;
5.6668742120977065;
5.270719060809803;
5.312524951946409;
5.398153913107577;
5.519441506366927;
5.364029625133798;
5.328526680870892;
5.844785146107905;
5.661140395109325;
5.684083022006285;
5.9197996702981746;
5.839683611401418;
5.710435995235863;
5.836547581843489;
5.889802670042517;
5.735577016042116;
6.065654467007487;
6.068633897996941;
7.170235850274399;
5.742495065178497;
6.209928165286864;
5.857605596248711;
6.0396701196746685;
6.298194650603622;
5.571317395847953;
5.639285637470029;
6.219953745829817;
6.152059403025593;
5.848216333698313;
5.654460572307224;
5.5339320680565836;
5.607716429722069;
6.034905921423911;
5.880258605421782;
5.681441352259285;
5.671485972838663;
5.686597612193879;
5.357913621201575;
5.568969249537551;
5.623451739199941;
5.428982356310254;
5.377060554061916;
5.628323262856588;
5.967046216717305;
5.766880228095149;
5.847687116321712;
6.10160018899739;
6.019256326050444;
6.056189788895282;
6.158837019673125;
6.1311763147759315;
6.4419339462120595;
5.994729438302831;
5.934994199174896;
6.006527115809522;
5.830406545116489;
5.902914162332863;
6.080981164996934;
6.042224236003972;
5.830952731391118;
5.880622788672293;
6.355711258542869;
6.0313196744960536;
6.456957674900435;
6.1175212497189415;
6.3272024677705305;
6.372830689087904;
6.14919269377672;
6.128656311342377;
6.172860322577423;
5.867394741562006;
6.1716341492994005;
6.203614114194696;
6.748436985915861;
6.872642965704357;
6.539723613739251;
6.0630432504573255;
5.914414409897717;
5.811437025347854;
5.871027036212941;
6.0056296920514605;
5.731291382182231;
5.6947770948122525;
5.704815618113327;
5.673197852196323;
5.705947377292677;
5.577108013419938;
5.779116771030809;
5.9173742600220995;
5.81557836288267;
6.008950319954866;
5.985567096202996;
5.936639089041224;
5.967976114604576;
5.950127026888598;
5.969468696571865;
6.0330365745566255;
5.8907404508022525;
5.8063372769713455;
5.891918860852564;
5.96564066837788;
6.027219126594703;
5.986262013546407;
5.963201547782928;
5.842607080316887;
5.984692410583866;
6.022144437714363;
5.930772666814696;
5.796737666387798;
5.8296028171119385;
5.757374902917421;
5.797247222295535;
5.89528225840077;
6.249944576777922;
5.784501577409539;
6.226625311385688;
6.268636462844639;
6.099102140461475;
6.157840131497083;
6.203289407524586;
6.246870854853669;
6.190190588709725;
6.094976558282537;
6.07932345667617;
6.160225149006498;
5.949362321745885;
6.070521843279993;
5.916852249189552;
5.698598828672847;
5.8137112029825495;
5.761656798680831;
5.7515824270822655;
5.659014168241683;
5.725627343338046;
5.509498084241112;
5.989278303224972;
5.775581872226306;
5.9016546122754505;
5.819685904293519;
5.9056087624701545;
6.005288229761773;
5.600586987293719;
5.585819226767851;
5.737674561995517;
5.626594461513149;
5.616005760499237;
5.527940470522793;
5.584619193972425;
5.571914284366246;
5.44103652012306;
5.513358474987518;
5.5782645885804625;
5.5352397458125004;
5.693536505874306;
5.532979038033195;
5.533902046759874;
5.419823924216674;
5.329207569103042;
5.429461745113617;
5.422468285643157;
5.314423703931608;
5.272863703404749;
5.240355326875631;
5.464097040550102;
5.529194527789573;
5.264683345604847;
5.295412097881733;
5.133474065734152;
5.168297533778604;
5.138971852186536;
5.241729779752276;
5.157503937210006;
5.4481999933597285;
5.285221503551077;
5.666270867237159;
5.0744341098781796;
5.39321478956964;
5.0716491677959;
5.15229455697437;
5.179005712371604;
5.260960129768835;
5.669833430596818;
5.477478241675673;
5.75515944235308;
5.755789873901343;
5.362987295385278;
6.124070514992913;
6.017400951742676;
5.410629491487784;
5.319966261684696;
5.722296540176142;
6.048122625893873;
5.5268848013333525;
6.206197605014092;
5.986009906970017;
5.459266311526932;
5.449264389697357;
6.062476308291447;
6.136361449994003;
6.200348596184449;
6.127553162164236;
6.010379871188246;
5.4729238678802865;
5.622285147968147;
5.469222755433169;
6.0418356591258515;
6.0366939684542125;
5.715788117974379;
5.881257769662132;
6.349123929887805;
6.008816535013956;
6.3168854972491415;
5.737568056937341;
5.718312199815526;
5.800868470557109;
5.834054608334918;
5.860065614382462;
5.800807392687888;
5.740265577582983;
5.774307547001739;
6.077104781648462;
5.855084389300682;
5.79721778094065;
5.806269780284543;
5.88404195871492;
5.959883791780291;
5.960971163045345;
5.842864556086738;
5.987855646244746;
6.342551751673393;
6.130311160601363;
5.932709511081805;
5.407680001793797;
5.3769138957804445;
5.401805067698912;
5.45092560062392;
5.415646311170155;
5.314647019785028;
5.464174085285451;
5.348611896425589;
5.327837108637451;
5.435612053085702;
5.4410693169228885;
5.440098443972807;
5.440156144455345;
5.608103607762693;
6.2506288483999475;
6.181204614630847;
5.580246742409424;
5.968274041104073;
5.605786046060669;
5.530235485040076;
5.395771962054509;
5.347220216065588;
5.884951419916784;
5.9210477270503405;
5.643321485910776;
6.029105094479897;
5.694827117625271;
5.964881363409596;
5.796629998853175;
5.925017334441596;
5.455485116115102;
5.3389337914791;
5.498434689267368;
6.118453888320251;
5.868277414745557;
6.031329046766797;
5.867677187257416;
6.035964263140178;
5.5330143166962555;
5.59662019269248;
5.733430278033416;
5.866166922286985;
5.795885974908914;
5.820543335326153;
5.809822339957694;
5.872338048453876;
5.824110894195824;
6.4533582006316665;
5.852269468736408;
6.356923115164086;
5.891723447512455;
5.858909570751492;
5.825671385592941;
6.010272827601081;
6.2874479391817975;
5.927290077258099;
6.007854394075502;
6.71929099850189;
6.982438632641117;
6.368017901424033;
6.704928788023925;
6.664625042050873;
6.274465345801025;
5.708971149908088;
6.040221956370473;
6.978830886514289;
5.788794179340556;
5.777267277787333;
5.848879436217735;
5.861070693714112;
5.961470068175661;
5.701747399769355;
5.998223404289501;
6.12181098354156;
5.7035235543488465;
5.747223837545421;
5.688631144956877;
5.550357592946868;
5.5504809779306585;
5.659656088450174;
5.643712275258916;
5.632889792236015;
5.7242551768539345;
5.894638010680194;
5.717473683551592;
5.6687046555502745;
5.60158874106754;
5.6015131439421095;
5.562223898932185;
5.704577776336977;
5.686202377837354;
5.824647438677936;
5.652637208379893;
5.65864588468844;
5.7406988277891635;
5.871681802641145;
5.897327697941977;
5.9871162095727835;
5.934475067322578;
6.026061466958307;
5.953500648400484;
5.952767111510914;
5.7813842888626645;
5.782198104267713;
5.691992062145432;
5.770364908349934;
5.751436108006503;
5.685405633853749;
7.627440419754422;
5.867101935336236;
5.925104120405759;
5.88212827790977;
6.866551160936888;
6.0288578900275525;
5.879038550292793;
6.054731549971589;
6.046462616621089;
6.872973919610592;
5.970260871296056;
5.847388943941862;
5.834806024833016;
5.947443323365722;
6.050728740997784;
5.90434940327734;
6.02822347277961;
6.073324596999571;
5.99912957277307;
6.074022076638382;
5.968567431621395;
6.022643043369272;
7.1983601060415845;
5.95679084041572;
6.017251827682223;
8.77243438049152;
7.920197942101267;
6.1244139651868545;
6.164152074407225;
6.075013699922304;
6.325756403614359;
6.352195422726919;
6.0233428896255665;
6.2071548900933635;
6.089931608850752;
6.200351648951554;
8.100369716962835;
6.025993704313579;
6.004707268384455;
6.04549909073113;
6.802232200215899;
6.052654232603311;
5.932543892562418;
5.964950805667576;
5.814074644886927;
6.7507733128934095;
6.016028403526867;
6.037111167431792;
6.058930710509235;
7.203727155298067;
7.458681549493657;
6.542172647393238;
6.576324570753136;
6.494647707976022;
6.524862421742359;
6.464408734099039;
6.859589047724518;
6.823290548408588;
6.199821229402697;
6.104337672954162;
6.627360439837637;
6.7029160516451185;
6.263574975647624;
6.465011067688228;
6.731190247566822;
6.699163820686563;
6.276873079981396;
6.648802996454815;
6.220508146272249;
6.255330862535345;
6.84566993870572;
7.086859513031921;
6.195225905226436;
6.160908126113245;
6.263162313861364;
6.815231086175038;
6.317462584626323;
6.919876967608806;
6.154833474748156;
6.367142740752899;
6.121038484232446;
6.281922575528374;
6.445595151232793;
6.644831358846402;
6.56903675704818;
6.664284839854799;
6.437265620713971;
6.405016056260567;
6.572046927647894;
6.620515069232163;
6.359686976271809;
6.44363343671789;
6.935322851239046;
6.403087372668493;
7.209387453312081;
7.1220875162489135;
6.816431377852309;
6.182730334268237;
6.185872880667154;
6.218458622913582;
8.898666895065874;
8.531930681221503;
6.353674513079243;
6.315704261113978;
6.307542455022714;
6.167070711743398;
6.129021719137374;
6.147379899623978;
8.557532733914693;
6.2874299570050045;
8.53591140079813;
6.366615316246485;
6.979319984937285;
8.156344781734187;
7.975100400305497;
6.2330336767902015;
7.935888437475528;
8.39889113193157;
8.149563922934513;
8.052416816362516;
7.6694275369067135;
8.33798173674308;
8.009111639188303;
6.189334963843135;
6.317838678991189;
6.286261709678515;
6.408705331784601;
6.535849668430482;
6.512648101457884;
6.642890593623216;
6.4222658693193715;
6.591292329250903;
7.008569572259019;
6.518895340451302;
7.130944288504105;
6.479388629824858;
6.349145888529429;
6.443101863613436;
7.606519167497672;
6.986709746318839;
7.630911470447836;
6.406309849907772;
7.246558713692637;
7.199062512906944;
7.038254080154649;
7.113583627026737;
7.200466897758062;
7.092604596852485;
7.3687536781133005;
6.182727356184774;
6.741378539151622;
6.278953016637068;
6.989148999890731;
7.1791417732820335;
7.504938889535379;
6.233297156556726;
7.4850546637975;
7.55135682711837;
6.472766833175022;
6.3326454758703425;
6.526070957882306;
6.371771163559752;
6.60819732956089;
6.4385678954025005;
6.93850771171949;
6.531252172940212;
6.536787787498513;
6.266851033927787;
6.558086258367644;
7.5556448742579425;
6.798965698921821;
7.834399269231988;
6.865744992105924;
6.862990460371624;
6.794817206850676;
6.7636547162371645;
6.471159979776162;
6.302064724906738;
9.762997464040986;
7.438106371042745;
7.5900682378648385;
6.566283596575787;
6.602738162586052;
6.597475988777718;
7.555353494739863;
6.532241790342495;
7.53510161688655;
6.451975419551889;
7.602449624062425;
7.846501931373089;
7.754731719964315;
7.718275375812043;
6.726630948268317;
7.80310054021051;
7.896400565156407;
7.50818468695616;
7.849984292532539;
7.6731573671812745;
6.765695354125776;
7.894242831730851;
7.793140794694248;
6.932686090399066;
8.361280665311943;
8.213022712331677;
7.8968296738190045;
7.048481657877041;
7.1823202559411445;
8.227663998544836;
7.3024689791311905;
6.741910123023497;
7.130346020700041;
6.969601450370633;
6.850605884059401;
7.077306297494982;
7.38292106411339;
6.975469929884377;
8.630328234921137;
8.041586566412319;
6.699927397356641;
8.048267205890086;
6.431088319721513;
6.841653107229816;
6.50037707591727;
7.582849040934773;
6.5426139591186665;
6.372634349121995;
6.6859086856061785;
6.546668311020916;
6.904319823548343;
6.583306573090554;
7.829024394993021;
6.411657542106503;
7.646865405277236;
7.30566984459249;
6.774422745351852;
6.792042495982498;
6.8386614443592375;
8.140918411929873;
6.815264755376953;
6.71524114573038;
6.565453255185922;
6.726021394504988;
7.0026456933096375;
6.700162323996896;
6.6806560232159775;
6.287253099044173;
6.380916151560794;
7.481334755649268;
7.658737895613686;
6.62563678873792;
6.850667489292455;
6.772762012599732;
7.511296510795995;
7.524218096429158;
7.712196328945028;
7.560682421321623;
7.068475257931788;
9.535885387465102;
7.41009311961174;
6.871083466071978;
9.935638377957739;
6.908062881919056;
6.666573552952102;
6.2168401028340545;
6.203229515872034;
6.172377698451634;
6.213265746874699;
6.152038428241934;
6.129313629808864;
6.201648227634805;
9.97875301661242;
10.225828169888981;
10.373438417321628;
10.508042448064149;
9.835649908890021;
9.731759789237874;
8.832146454639165;
10.315587056443013;
6.111405599843015;
6.142713134601991;
6.137375745758389;
6.1388873462504865;
6.0411329801271325;
6.200841571916316;
6.542465523962452;
6.34429669498563;
6.331999268643056;
6.47476310994699;
6.576076760495496;
6.444046953617741;
7.416571162119459;
7.312684392086065;
7.56200034707336;
6.500995823205119;
6.395600016271977;
6.668705364467541;
7.06891036889574;
7.576873228351777;
7.185069654125184;
7.932374370905096;
7.709852242332841;
8.92265178188788;
6.329846738129462;
6.382543613509264;
7.027731781845997;
6.952754960576756;
6.865111773732441;
6.8545285943826375;
6.392513514823683;
7.24229207566207;
7.250912713843509;
7.191967950265007;
7.170758548853704;
7.224752722483507;
7.174190515667593;
7.209991590719605;
7.0708438460133385;
7.077801614578075;
7.120915207993562;
7.288807781486514;
7.41130576435153;
7.369014670070001;
7.377368327725978;
9.495217790077271;
6.596419309122;
6.320799144123778;
8.680714684603473;
6.218985761948896;
7.049340515079743;
7.103040330782162;
6.4088944323784345;
9.884456153404836;
7.042496596389325;
6.9625711870549845;
7.1890382482187745;
8.549985876546803;
9.278722862901216;
9.17816240438131;
9.259688519210265;
6.64004682791916;
6.5001922498730025;
6.640615153431669;
7.5570543822172676;
10.4941937659536;
7.356976391844809;
6.462437284049655;
6.6014736757461705;
6.692769347047243;
7.141342144750419;
6.300852587849107;
7.636178253111957;
7.367450350580173;
7.3874648392604865;
6.359804093774717;
7.2061250798767835;
10.051322834026266;
6.253881059596072;
6.59768783455608;
10.34777787431336;
6.375099002373539;
6.612428486797804;
