1.9130567727434868;
2.376290644984612;
2.3816329776319405;
2.3627598197488013;
3.213347669065805;
3.942394214176213;
3.8657197010970976;
3.917324696719403;
4.035341264448114;
4.100792483938788;
3.9771431786941807;
4.36668665835345;
4.344734419043816;
4.30602800140552;
4.517443437829528;
4.484119624401127;
4.53269837329757;
4.563179329968557;
4.722645473866345;
4.732532341200762;
4.714156499260748;
4.584318649225547;
4.6908229461517275;
4.594269976644742;
4.603450143748036;
4.588614279296218;
4.507546951146;
4.65711092974208;
4.648273408883;
4.663972710222512;
4.620561666190946;
4.782917229542304;
4.664941788848667;
4.719486060983201;
4.559674672277791;
4.5345560354846395;
4.6090476680275;
4.592731644908398;
4.654166791609524;
4.592541884179566;
4.5513052416585;
4.561514166963761;
4.561040734087857;
4.539753339417243;
4.602633237513319;
4.508910210891905;
4.431323751271802;
4.433396029484661;
4.4250861611156065;
4.391858775571846;
4.572938063371799;
4.573723724314675;
4.474429811427143;
4.532458686705289;
4.601605253703891;
4.525407759492814;
4.424934155236806;
4.403928555260037;
4.457674907021339;
4.401711586349274;
4.276838887450082;
4.332927558234971;
4.390401675978744;
4.443002245239531;
4.361279674722072;
4.417517749839511;
4.357177442466808;
4.388974963188686;
4.423963931251517;
4.413140822871249;
4.43771946979852;
4.341458015327232;
4.291710176364738;
4.37446273858495;
4.319647157229811;
4.364652432240079;
4.414549193267672;
4.16705891841725;
4.46353589439682;
4.2835647659131775;
4.200639485661811;
4.344129229649426;
4.394675077779285;
4.380542899054357;
4.25960402698908;
4.297167517575774;
4.3572869310489;
4.306446370639538;
4.330190321741708;
4.467511740606844;
4.273661757695373;
4.327570533846178;
4.281671353827668;
4.287223877210894;
4.3356174171244355;
4.31580899950364;
4.337372494910683;
4.323444230325488;
4.559479765488746;
4.407086600732722;
4.41847352824242;
4.411709487951533;
4.280401842192519;
4.273244758691027;
4.3253376676494515;
4.242877170657692;
4.297206055534009;
4.359503165721497;
4.361770880816088;
4.409407437323595;
4.489300465673732;
4.34092275334194;
4.387116114464225;
4.248555566247367;
4.294217055253324;
4.336738831680105;
4.239174498305097;
4.265315774517124;
4.302095889462586;
4.271513005578308;
4.186561791213907;
4.261767528120282;
4.2734175867236734;
4.2828466700920105;
4.305936298251719;
4.238639545048216;
4.245732443443955;
4.244388284650304;
4.1455186670216255;
4.235828709255082;
4.283915469138888;
4.2505762681507955;
4.29611330858715;
4.369595918494793;
4.35056201415053;
4.310699093168819;
4.352182344616795;
4.30353211130373;
4.324444094956763;
4.252594452441732;
4.254406805313508;
4.320395536405128;
4.282032379926943;
4.274150252998874;
4.186166205221646;
4.2620199371813685;
4.15294839328403;
4.23188599557951;
4.237230011321379;
4.2595975161996815;
4.158954367873947;
4.149087611493646;
4.24609429932732;
4.206852386795017;
4.1551764083853655;
4.070225583499881;
4.274926018735833;
4.21337516547537;
4.287046613373992;
4.39294024034013;
4.2579206686077145;
4.281700953244823;
4.148891528984443;
4.47653287948016;
4.259200694428474;
4.408719211548562;
4.383628620511099;
4.405671778562821;
4.401720670327902;
4.29763165584617;
4.2158336801411;
4.246216170610243;
4.261028953805356;
4.321087109866091;
4.377442307471145;
4.274026784747333;
4.2972183528098;
4.4737026433378;
4.493238663174707;
4.36681748828361;
4.397470073851268;
4.406205827684545;
4.393200635303133;
4.366684810130366;
4.3091895225651475;
4.362532124700883;
4.277284172533261;
4.286234884273796;
4.437057332368376;
4.456620030962093;
4.335370564186135;
4.398799657689195;
4.370510156804039;
4.447460206591494;
4.409224162320186;
4.383726907099071;
4.344486218710678;
4.383689367610275;
4.287383270953194;
4.249343778407217;
4.2203294790656525;
4.329353463831239;
4.322506898927458;
4.459115499158973;
4.4083248371656225;
4.3873800410414345;
4.430752573079714;
4.4424705193044804;
4.38065555749243;
4.558829193989052;
4.415683825570007;
4.517988478586614;
4.353915149230121;
4.455062470292083;
4.432882820273102;
4.541168790369192;
4.621480205103491;
4.468387815588144;
4.5238616257236215;
4.28515448532457;
4.39438359122139;
4.432565896144251;
4.547806516803427;
4.490848376807418;
4.524267226171202;
4.510087050043115;
4.59424494575635;
4.48150931551875;
4.444750482697572;
4.479591495129074;
4.4433970614835845;
4.513993731108012;
4.444468682135666;
4.5399118353867856;
4.454230101746985;
4.550143811587288;
4.575453555049804;
4.626988762366467;
4.362179406574122;
4.496887164426158;
4.431676078822525;
4.49698535439177;
4.518166908446252;
4.575862519166334;
4.554542973055072;
4.399421468356681;
4.426518797802005;
4.525601005596119;
4.517560660729732;
4.512743367460818;
4.532879908555708;
4.48924114396461;
4.457131997394335;
4.5555472167509;
4.437929261893881;
4.420543314466223;
4.3633443743448295;
4.26782539433621;
4.49488751784234;
4.447787928781232;
4.290975896276672;
4.378639526159974;
4.470176486314758;
4.505535898010738;
4.409338473163629;
4.4901025506918115;
4.47703819353053;
4.496905807079731;
4.468017627104178;
4.558466999217245;
4.510980126956913;
4.515632573684667;
4.563647436846508;
4.706318580330256;
4.55163488713114;
4.561856581062542;
4.557651819919125;
4.599798011343561;
4.6265495576727975;
4.55815695249799;
4.366744914095979;
4.466645442087674;
4.453096042060675;
4.319981420534581;
4.279945830361888;
4.535336365297294;
4.375070644063205;
4.628942731433287;
4.644076784432642;
4.222180609012013;
4.47874661919259;
4.4996109422782276;
4.601700023635006;
4.719386421966881;
4.744931645685545;
4.605012389633847;
4.644907702332538;
4.645284967297136;
4.594074157395584;
4.755984723828901;
4.611109188554321;
4.8563255992764045;
4.832065861434986;
4.828311109738167;
4.632007449755745;
4.572522558202448;
4.666215099362437;
4.499228678646471;
4.490528302131308;
4.42310507870303;
4.722115844479686;
4.680918879690521;
4.5963514655634325;
4.38359980575847;
4.536826790600484;
4.228082257220857;
3.964154276547798;
3.850687761260074;
3.74615181825725;
3.6183317475999703;
3.870461765969063;
4.160962831334435;
4.328894218861704;
4.211181945614623;
4.143097908189605;
3.8442663960666326;
4.038474976609266;
4.029556977066706;
4.200530686728365;
4.214126881142763;
4.291273215698244;
4.391315419469898;
4.472367830384526;
4.347450999207984;
4.209616509898767;
4.167153901107053;
4.172742413489883;
4.199576495219764;
4.183762405772887;
4.22128219866158;
4.183396678328013;
4.196210866222727;
4.145585743488579;
4.2505494654974;
4.189077171806147;
4.306969701883166;
4.094350697341508;
4.217805628232966;
4.133983010647125;
4.075102572868195;
4.100748719462592;
4.141990018098768;
4.084684557662058;
4.095326596979456;
4.0817986217120605;
4.134038918688574;
4.158819655742146;
4.052704075719793;
4.151602129687519;
4.134726459850212;
4.127884158531812;
4.0890649776139005;
4.069576773067954;
4.029355011912968;
4.053695595786921;
4.141223125011076;
4.166864069808045;
4.206830517760404;
4.324361254563619;
4.12138983132404;
4.1163384940810275;
4.015693255401395;
3.9559444682769995;
4.0175643024929775;
4.213749152407645;
4.676917464552769;
4.696131858971734;
4.745446028604896;
4.785126730696089;
4.700836411583775;
4.853178543898443;
4.9062721066379575;
4.876552497222024;
4.857634939094023;
4.899549405516757;
4.930525224657242;
4.939146303230237;
4.915282527682381;
4.872084959227197;
4.928112951008714;
5.034471215159382;
5.105074837792198;
5.116560475938588;
5.076097778453165;
5.203249622963965;
5.195726517742751;
5.20236401615301;
5.080470088857167;
5.135714481640965;
5.323395770740713;
5.354414106344039;
5.06595279011706;
5.337450317025296;
5.338300661802228;
5.435741302928569;
5.4305784521609874;
5.564344387433326;
5.523756967835975;
5.5288168053271205;
5.50740108238957;
5.562017285539189;
5.654981048818515;
5.46610850289779;
5.364675541754552;
5.443955315181447;
5.613602115495198;
5.649981547016098;
5.480679638290684;
5.50051504710991;
5.404887770883535;
5.540310394274949;
5.522887397659929;
5.549350047077835;
5.508803059745688;
5.353969736694676;
5.438241752829196;
5.585095531017514;
5.436776431253856;
5.3364719869856065;
5.37443552088216;
5.483438397710586;
5.237806177142339;
5.356481031658559;
5.243767762893779;
5.198433601350228;
5.2619890928592055;
5.298189921267001;
5.307911816164314;
5.357783956492468;
5.309134157612181;
5.398403697598332;
5.3557188153810396;
5.367541268943214;
5.371690242444336;
5.39206379214729;
5.4536214562293015;
5.423130910775963;
5.401401746443612;
5.416348739806085;
5.38036771070394;
5.286423457475453;
5.319331046122629;
5.373054761620932;
5.405978048281823;
5.392801662975537;
5.412455932511474;
5.378631066706068;
5.5151577409490535;
5.494706202938668;
5.505954708572161;
5.431538755408971;
5.330486500253618;
5.368591638295216;
5.4059925240052324;
5.376614411567481;
5.440501900547208;
5.317011772384595;
5.317648405751405;
5.336820586440945;
5.371924152225411;
5.393964163518057;
5.318553719403425;
5.3288823786405235;
5.311705618796502;
5.312302946136567;
5.407656322877382;
5.370104855073682;
5.427190522366486;
5.459690851261131;
5.430230115953962;
5.43454658768389;
5.510332162939358;
5.481049420035544;
5.523149170716108;
5.532814216571727;
5.483406124032623;
5.514050768248643;
5.501665170177306;
5.496609274996968;
5.520397952443507;
5.615332083115132;
5.623720860458262;
5.631443384438695;
5.523755110027552;
5.6543421067955855;
5.653187699886136;
5.6047666533186;
5.509893122046017;
5.519309884494804;
5.497813791896773;
5.516684910838788;
5.503338365926322;
5.446399156580827;
5.532615916888284;
5.441517240243465;
5.445955392889002;
5.496857056462074;
5.4802396234367565;
5.45682491524608;
5.5691273746487395;
5.528612082961185;
5.553573919942933;
5.399718627352772;
5.380380944484737;
5.502274514997235;
5.392512813939053;
5.508101664606814;
5.388847641841688;
5.404860756144045;
5.434631431324432;
5.38737033374643;
5.520042805974827;
5.4488098314732065;
5.5567324266038804;
5.427152689479428;
5.459006336507838;
5.445593928285703;
5.53977629341456;
5.444378728021723;
5.546325849118777;
5.608387140641281;
5.609162949502164;
5.561307013398014;
5.599181874708839;
5.561908276111282;
5.5237591576394856;
5.417672900085976;
5.61472071988404;
5.4999851189437825;
5.5437193619738485;
5.475390621255614;
5.593818756472335;
5.648104338416422;
5.639473152699513;
5.381777557203594;
5.124453255539689;
4.967559282676661;
5.16698462852374;
5.31657997961687;
5.34287284003262;
5.334413875197727;
5.351325188806606;
5.458970679027066;
5.454967360527766;
5.475854620180359;
5.495108245806515;
5.5647926870428694;
5.558192027832026;
5.537925129284301;
5.526506936577711;
5.525619337851508;
5.47308734532571;
5.540175899359299;
5.568476526581312;
5.555572750151631;
5.58637908878419;
5.647388626368913;
5.6365226812377305;
5.7218933444035285;
5.605711746439804;
5.507457617459724;
5.667664924632374;
5.5735400180631895;
5.678339197557224;
5.56536605315918;
5.4739490228406185;
5.45415546768512;
5.5627614864623105;
5.570678371086719;
5.576700071767071;
5.650317899318592;
5.566992172085249;
5.740287896216643;
5.546039244186544;
5.582213285520697;
5.522377591772407;
5.481145027474978;
5.528930213602687;
5.286844945810339;
5.386351688474113;
5.450729642241074;
5.3888318875601495;
5.359898367042652;
5.414370706732429;
5.331027308612593;
5.480635833833837;
5.4135514948159695;
5.53732454689423;
5.345668804924195;
5.487543615455535;
5.5718596625448304;
5.526973573317314;
5.5095690933208505;
5.393714920400197;
5.349864248587986;
5.326397389245933;
5.583365382696564;
5.548575227131275;
5.582328063269297;
5.439397034582131;
5.548606964092751;
5.423237681783577;
5.380874156561794;
5.493417046227363;
5.534385449719298;
5.498953628876757;
5.406807502986782;
5.310359011746647;
5.314067866710366;
5.224470328478328;
5.2948622851096365;
5.225598917361796;
5.246132296483602;
5.016903135108311;
5.123707051047585;
5.122625005439673;
5.20784154133046;
5.1939297068997945;
5.242577547665602;
5.071574073529562;
5.232340066063932;
5.382927541947893;
5.207267572292624;
5.394974766326861;
5.3668748456830295;
5.430820340892723;
5.380365330097359;
5.570808249383256;
5.4488842431299895;
5.460263633100264;
5.452202812987542;
5.538681504543866;
5.4835862256779935;
5.434230379149562;
5.3999417356633455;
5.42358776990753;
5.4385560074854755;
5.296007189483214;
5.3831958115930405;
5.481839707712334;
5.422877587136009;
5.21628947968154;
5.348347757469562;
5.4075906260914355;
5.387281227413479;
5.436359663646707;
5.399268280450184;
5.238091763162102;
5.373042209088623;
5.318478491812743;
5.342080563657979;
5.397364018154946;
5.300118777858141;
5.237591431740806;
5.312558865632815;
5.276492486597581;
5.398708418387669;
5.426988907421887;
5.386634420894288;
5.240048980793497;
5.152585136806005;
5.424205543060343;
5.347063040951664;
5.369519903797612;
5.376864918191642;
5.3744631761444195;
5.400657447565813;
5.460810964329169;
5.443857260145748;
5.449153338853749;
5.415851123947012;
5.377155711597182;
5.297869007807655;
5.3721778564737654;
5.299894831047042;
5.375532273375185;
5.4297965313118;
5.512783216485107;
5.5265184193937555;
5.522051517214499;
5.554058006331641;
5.567333702464537;
5.392427377266032;
5.380531890835224;
5.560221027272556;
5.102208713358992;
5.272989974164252;
5.2300341279414395;
5.224004972030069;
5.305213443320537;
5.215754447776554;
5.213852333518333;
5.2419504230705956;
5.215468373498009;
5.172505913018241;
5.214426225174729;
5.347248368014197;
5.277072699181949;
5.435564197879704;
5.573091999060348;
5.456443826961231;
5.424339294412975;
5.500712177031726;
5.388139741623091;
5.529628895322296;
5.5032321504489765;
5.4989663088481535;
5.531176680007566;
5.521427115416733;
5.590409258451239;
5.463528087694688;
5.620533261836503;
5.481823470873037;
5.511548626746059;
5.606604117222396;
5.552854985240103;
5.559651171278082;
5.525626647928094;
5.411615627468927;
5.3532766297623535;
5.454611832131266;
5.400728253931785;
5.406482075023084;
5.358208217515633;
5.164717741043718;
5.147718333457887;
5.278732231317231;
5.158367407708101;
5.1568672449044906;
5.2809296432866235;
5.124197466514875;
5.304795232085086;
5.127600134484514;
5.283748613673358;
5.496267282011526;
5.2705355453296105;
5.29780379676727;
5.262074835076624;
5.254388492117952;
5.211562981439816;
5.255066375156328;
5.342026850709057;
5.197734574087817;
5.171008893495005;
5.287829495916779;
5.355906087678218;
5.324647412932683;
5.264485475811225;
5.2695291405181734;
5.360392173699668;
5.324821877973083;
5.267153431855687;
5.242916984198296;
5.238104909995605;
5.588354845195602;
5.654272768839195;
5.309448577576004;
5.343428567092886;
5.277192985836585;
5.20960351673287;
5.26356081241949;
5.50874402005288;
5.392103036756031;
5.128448303760545;
5.233374606395631;
5.216711562933012;
5.149982149242091;
5.167370313117636;
5.221640564145738;
5.315051683833505;
5.330066447952385;
5.200724884452231;
5.214105816535514;
5.310448958934741;
5.124279521491771;
5.079375107566846;
5.069658568878137;
5.18506935208033;
5.2466500415617325;
5.327566604270533;
4.6979439206804665;
4.821488157301909;
4.8193346089132;
4.957458182869613;
5.217076087356333;
5.149096765481909;
4.928508467667631;
5.1432697091755974;
5.07974907954761;
5.06799268051761;
5.205609620707517;
5.295768376251792;
5.0604526427724785;
5.170786572496746;
5.305531802097745;
5.30704333304325;
5.110725021226764;
5.095749622844156;
5.048972561583857;
4.946012870253213;
5.140639464014895;
5.138155846078218;
5.153845616793577;
5.178646366218876;
5.265772161516952;
5.2650910865330784;
5.180063116745677;
5.270325565925416;
5.225309164518314;
5.235846512370998;
5.174594050760015;
5.006743003728702;
5.27003573636613;
5.080115281260436;
5.10979201405365;
5.212063477350507;
5.131883506264972;
5.135234667244844;
5.342350920329036;
5.243592460113712;
5.265861937708935;
5.191115193639726;
5.1362536998119595;
5.010336104686101;
5.049468669634233;
5.132932106279897;
5.030007829271961;
4.87675325959448;
5.180954852133787;
5.02852486038798;
5.097752210055764;
5.166488354100059;
5.20088135504464;
5.21369906349388;
4.9960255365487845;
5.069066546506833;
4.785004569746981;
4.957294730694039;
5.133860969534227;
5.245110107962593;
5.331130784863903;
5.331864398720009;
5.30385116256427;
5.3065001255946225;
5.193660682322099;
5.020730547587953;
5.194610360961712;
5.221136262143402;
5.285395818747888;
5.219569849129516;
5.372837271036869;
5.351112559860541;
5.265656041726891;
5.1460335494973775;
5.067676693373982;
5.176579200575861;
5.134658254905289;
5.138510699737792;
5.388388678114439;
5.220429243322962;
5.034826816548949;
5.233835407008475;
5.239674681740084;
5.285832546395;
5.243541555728917;
5.270414394440922;
5.3011704419500445;
5.395037707762523;
5.317066093458729;
5.328125067567752;
5.308964608855977;
5.39680711430291;
5.241220514529928;
5.172431648293557;
5.259475018107434;
5.399066949980189;
5.476740331344956;
5.521438529126311;
5.442433166337449;
5.35913711287476;
5.281829210847965;
5.168383554344821;
5.108862917840294;
5.237810550463742;
5.076839396015639;
5.157428657387805;
5.311143811682006;
5.258284419971514;
5.233967468492626;
5.403729774179505;
5.30064916230911;
5.330573391077692;
5.345642193475284;
5.468906214033057;
5.323354287943178;
5.378997673364803;
5.353381336478208;
5.387595506647265;
5.412269249144647;
5.498250065413052;
5.405914702115928;
5.3644458941214825;
5.340491245713463;
5.348332361601027;
5.459720029175601;
5.294204478927512;
5.418242551979137;
5.2343803694083135;
5.482910648777069;
5.312998981751241;
5.477976467896059;
5.28376382609392;
5.596002002905013;
5.547335652377615;
5.195314086627696;
5.377920460767774;
5.471180010984074;
5.438307817626179;
5.508019976817669;
5.560337643968892;
5.454883003983837;
5.622189010429427;
5.692274725022837;
5.700586429504314;
5.445803245539227;
5.553065098158099;
5.5771144670266395;
5.595275978513544;
5.54806055998825;
5.5740506739052975;
5.431385263024008;
5.356704809900788;
5.346186486679494;
5.526970375163099;
5.45402222179362;
5.320958667632335;
5.4434427330709045;
5.460121896113907;
5.44376715826111;
5.45928085929805;
5.598268286462174;
5.573263530524896;
5.40501013776446;
5.518960108152567;
5.552045411421732;
5.5086640711925385;
5.484353645839678;
5.517402005411372;
5.450433416533002;
5.4399537899762;
5.32370857054078;
5.348529965936361;
5.4185789375273945;
5.459331002572639;
5.52712924176978;
5.502842870924826;
5.478960228329764;
5.502681040065331;
5.470465297465249;
5.445876605174421;
5.510306273340026;
5.559989115249776;
5.555976505668168;
5.588998747727754;
5.540692116454892;
5.53862581140342;
5.534512361183883;
5.5520476000724095;
5.4640275526638105;
5.3704703532510445;
5.431969376030316;
5.440144596910796;
5.496505876924144;
5.559769854169181;
5.448441219795143;
5.487325467100156;
5.550516376450316;
5.5778982477318015;
5.475471432828012;
5.302480082891799;
5.495099835197127;
5.427714717206204;
5.447820018727891;
5.31230779572828;
5.327986113626302;
5.287644933830651;
5.3162138556409575;
5.4483587201871675;
5.330117201701253;
5.333951714408068;
