73
55 56 130
53 50 129
58 47 131
56 41 130
60 37 127
63 37 122
64 31 120
68 33 116
72 35 121
69 31 125
68 36 129
65 40 131
65 46 131
67 47 136
72 43 135
77 45 132
78 43 126
81 38 125
86 39 122
86 45 125
86 42 130
91 38 128
94 44 126
94 45 132
89 45 136
89 51 139
84 55 137
78 55 137
74 53 134
71 58 132
76 60 128
77 54 126
73 54 121
67 52 122
64 53 117
58 52 115
57 50 109
51 51 107
49 45 108
49 47 114
54 44 117
59 47 119
64 45 117
70 46 118
73 49 114
78 45 114
76 40 113
72 42 109
76 45 105
79 40 105
74 37 103
72 41 99
78 41 97
76 35 95
70 35 95
65 38 93
60 36 97
59 37 103
59 31 106
54 32 110
50 33 105
53 32 99
51 38 97
55 42 95
58 46 99
58 52 100
60 54 105
57 58 108
59 61 113
63 60 118
61 57 123
61 60 129
59 57 134
64
65 65 -38
64 61 -34
68 56 -34
67 52 -30
73 50 -29
74 56 -29
70 58 -24
72 52 -21
78 55 -21
77 61 -20
74 59 -15
79 57 -13
82 62 -14
78 65 -11
78 61 -6
84 62 -6
83 68 -6
79 67 -1
84 64 2
87 70 3
82 73 4
81 69 9
87 70 11
86 76 10
82 76 15
85 72 19
90 76 18
87 81 18
85 79 24
90 78 26
93 83 23
89 87 27
91 84 32
97 86 30
98 80 28
99 81 22
104 77 21
100 73 24
96 74 20
100 74 15
101 68 16
95 67 14
96 70 9
101 67 7
98 61 8
93 63 5
97 65 0
100 60 0
94 57 0
91 60 -4
96 59 -8
97 53 -7
91 52 -8
91 55 -13
94 51 -16
90 46 -15
87 50 -19
91 49 -23
91 43 -22
85 42 -24
86 38 -29
89 34 -25
88 32 -19
91 28 -15
