73
46 80 -8
42 79 -4
46 77 1
42 76 5
42 72 10
42 66 9
38 65 14
40 59 13
46 60 15
45 66 17
50 68 13
49 73 9
50 72 3
55 76 2
57 72 6
58 66 7
54 62 8
56 59 14
56 53 11
60 55 7
63 58 11
64 53 14
66 50 8
70 55 8
69 61 10
72 63 5
69 64 -1
66 69 -3
60 69 -2
59 69 -8
60 63 -8
57 61 -2
52 60 -5
48 65 -5
43 63 -8
37 66 -9
32 62 -8
27 63 -11
24 66 -7
28 71 -8
32 70 -3
38 68 -3
40 63 1
46 60 1
45 54 -2
49 51 2
45 52 7
40 52 3
41 46 1
42 45 7
36 48 9
33 45 4
35 39 6
30 40 10
27 45 8
25 48 3
22 54 5
26 59 5
25 61 11
25 67 11
19 66 8
17 60 7
18 60 1
21 55 -2
27 55 -3
28 55 -9
34 57 -11
33 61 -16
39 62 -17
44 64 -14
45 69 -11
47 75 -11
48 80 -8
64
21 35 116
23 40 118
29 40 118
31 45 120
36 42 123
39 40 118
39 46 116
41 49 121
45 44 120
47 46 114
48 52 116
51 50 120
54 46 116
54 51 112
57 55 116
62 51 117
63 52 111
62 58 112
66 58 116
70 55 112
68 60 108
69 64 112
75 62 113
76 61 107
75 67 106
79 69 111
83 64 109
83 67 103
84 72 105
89 70 108
91 66 103
91 71 99
95 74 103
99 69 103
97 66 108
95 61 105
96 57 110
94 61 114
89 61 111
88 55 111
88 55 118
84 59 118
80 55 114
82 50 117
80 52 123
75 53 120
74 47 118
75 45 124
71 50 126
67 48 122
68 42 124
68 43 130
62 46 129
60 42 126
60 38 131
55 41 133
52 40 128
54 34 128
51 33 134
45 35 131
46 30 127
48 26 131
50 26 137
52 22 141
