73
38 46 62
43 48 66
46 42 65
51 44 69
55 41 72
52 39 77
55 40 83
53 35 85
55 31 81
61 34 79
58 33 73
55 36 69
49 35 67
49 32 62
47 27 65
48 24 70
53 22 74
55 17 76
52 17 82
46 18 79
47 13 75
48 10 80
43 12 83
40 11 77
37 16 77
35 17 71
38 19 66
43 18 63
49 21 62
45 24 58
41 25 62
40 27 68
36 30 71
37 36 72
36 41 75
38 47 75
37 51 80
35 57 80
40 59 83
43 57 78
45 51 79
45 46 76
44 40 78
42 35 77
37 33 79
37 28 83
43 30 85
40 35 87
35 32 89
39 29 93
42 34 95
37 37 96
35 31 99
38 34 104
40 39 103
38 45 102
42 48 98
44 48 93
50 46 92
53 51 89
50 56 92
48 53 97
43 57 96
37 54 98
34 51 94
30 46 93
30 41 89
24 43 86
26 44 80
26 49 76
30 48 71
34 44 69
38 43 64
92
44 2 73
45 4 79
46 1 85
47 3 91
53 1 91
56 4 86
52 9 87
55 10 93
60 9 90
59 13 86
57 17 90
62 16 94
66 17 89
64 23 88
64 23 94
70 22 95
71 26 90
68 31 93
70 30 98
76 30 96
75 35 93
74 38 98
78 35 102
82 37 98
80 43 99
80 43 105
86 40 107
89 44 103
86 49 105
86 47 111
92 46 111
94 52 108
89 55 111
89 52 117
83 54 117
80 50 121
75 50 118
78 47 113
81 43 117
76 41 119
72 41 114
77 38 112
76 34 117
70 34 115
71 32 109
74 28 111
69 26 115
66 26 110
70 22 107
70 18 112
64 18 112
64 18 105
68 13 105
65 10 110
59 11 107
62 8 102
63 3 105
57 3 108
54 3 102
48 4 104
44 8 101
45 12 106
51 12 105
50 13 99
46 18 101
51 20 104
56 20 100
52 23 97
52 27 102
58 28 103
58 29 97
54 33 97
56 36 102
62 36 101
61 40 96
59 44 101
64 43 104
67 45 99
64 50 99
66 51 105
72 50 104
72 53 99
69 58 102
74 57 106
78 57 102
76 63 100
76 65 106
82 63 107
84 66 102
86 71 100
83 75 96
85 80 94
