1.8161863347791467;
1.7400027996671261;
3.6254853305407697;
3.7894979592427553;
3.718037936907736;
4.167590272941692;
4.2916258202473525;
4.484802816064641;
4.324479806610958;
4.373935174277665;
4.3976312711172225;
4.017330184767994;
4.548405655167988;
4.4013776898163774;
4.124207887757549;
4.201326833517858;
4.0092050098922;
4.011762957566594;
4.182924495808986;
4.420489816030817;
4.193697195674634;
4.224592203713109;
4.585895537330319;
4.453410156182168;
4.671624772605899;
4.404873284055727;
4.395725456301399;
4.274907081202069;
4.123069875884164;
4.455469873187641;
4.668594397258286;
4.2912858259837945;
3.741444823997049;
4.084127739443086;
4.7035861314044185;
3.985884178163603;
3.9560971413658454;
3.763553284469273;
4.855783781712789;
4.724788530089778;
3.885523394698091;
4.187284082580364;
3.8609973002123184;
4.143185353696314;
4.141976697938991;
3.9919274891055174;
4.05905576436932;
4.280258986564639;
4.209021671500104;
3.923760697304728;
4.029817417455199;
4.100258229632438;
4.06044270551578;
4.43047047191262;
4.503722767211375;
4.280377566827096;
4.3541785753148154;
4.635319491358734;
4.722974880851676;
4.1627474374288225;
4.404358211536066;
4.34774768233069;
4.2008821434000545;
3.583981876621711;
4.032268906510149;
4.037135447154914;
5.102433503214505;
4.45479419126033;
5.065620229941081;
4.273923040209798;
5.101614712532764;
5.256718769405813;
3.989073835007453;
4.09942896480538;
4.942045054451526;
5.526073435674207;
5.210018649842148;
5.4590078574441465;
5.117596692690254;
4.585216859810347;
4.935488018793506;
4.867074139472372;
4.4613654067902875;
4.5915277358157764;
4.831730744865729;
4.783557610586288;
4.6886717813472165;
5.2952802439152205;
4.575985888688673;
5.036829582647771;
4.657778671879046;
4.398020184408396;
4.454690216714162;
4.875101188334755;
5.03104495037243;
4.32229791730845;
4.601314805173892;
4.8027229322040395;
4.970867965904412;
4.308839427196912;
4.135261500235488;
4.7705647325966964;
5.224623893434291;
5.148258127253115;
4.39908401558373;
4.698844063028841;
4.195087544610322;
4.064569169609206;
4.846701510157876;
4.084440645092517;
4.238900300860224;
3.9493207585155243;
4.24974390421703;
3.926734784068117;
3.998024750838607;
4.502993688214564;
4.359522345329196;
4.494712591276288;
4.78992346504179;
4.690327657378416;
4.152721199385908;
4.794054025566697;
4.735511750267871;
4.310156669840848;
4.090770125957612;
4.548490083156665;
4.692283095794;
4.619048302357855;
4.42321849879166;
4.272476707059841;
4.314493598568052;
4.318690385964737;
3.8894095935058184;
3.688827335464014;
3.479155847007275;
3.7905938873946075;
4.151960543112695;
4.079781385202417;
4.148519478045923;
4.037252615799371;
3.8602725124587907;
4.158650129725426;
4.199219925243556;
4.146719817211138;
3.7897356236989457;
3.939347748858417;
4.058016223735112;
4.075977397773903;
3.9835426667802123;
4.056042749675069;
4.005713884105709;
3.9702176059198844;
3.2524769530956017;
4.2450997500488645;
3.9413829730247514;
4.224698051078061;
3.9256482534501624;
3.9908797738042003;
3.9899427492665875;
3.8556017451997766;
4.275025816654445;
4.0663179421139155;
4.250890749766518;
3.838501726909887;
3.963150206167677;
4.035275725782535;
4.021538879408818;
4.390162581506959;
4.098992887028924;
4.16261722774515;
4.013871126245074;
4.1676300189078885;
4.007813964602352;
3.8951849322243604;
3.9619821109763755;
3.9785855623684068;
4.128874122884337;
4.1454190130980075;
4.03256706095084;
4.063925745765217;
4.10620150465515;
4.079912447277768;
3.9319154886266956;
4.046451532807519;
4.094683934195818;
3.883134905519959;
4.065274083636961;
4.133268916583539;
4.01516438648532;
4.18617706894956;
4.701661016402958;
4.3606234756005975;
4.479525410652788;
4.149131186136656;
4.041778927342627;
4.101755340356538;
4.223437992288088;
4.1424264773017665;
4.087456378601324;
3.677064811997325;
3.4708454031758404;
3.956468804211449;
3.506681355119904;
4.041465816438382;
4.198341119355959;
4.091172192606581;
4.132041078915548;
4.12405153788304;
4.184868236151551;
3.8092372734967124;
4.195600624065363;
4.323793989331597;
4.158941609763148;
4.735923790285622;
4.489485762611008;
4.466403129562486;
4.602011899886406;
4.48675923501123;
4.4737115946343335;
4.658304188716679;
4.724095859770913;
4.60952117995884;
4.485956216753209;
4.162646798239353;
4.764379185124232;
4.6581803477550405;
4.529692311173639;
4.388309674954856;
4.583659653514713;
4.5137245957040895;
4.629311788287;
4.902107726855295;
4.903677988136479;
4.74880450973453;
4.853160449103833;
4.898561022876257;
5.083908584964326;
5.10809667774397;
4.893622718809503;
4.887401432701509;
4.7930480827717075;
4.838093555572062;
4.731358445366709;
4.991122111485497;
4.9586687360264925;
5.152616438279714;
5.1182668649451495;
5.208253734646917;
5.617866891574489;
5.832242305562824;
6.013600847378206;
4.795074715532756;
4.477759561697404;
5.822181098896986;
5.849554633521551;
5.538025854533083;
5.812773022201026;
5.747214935732959;
5.871085347655207;
5.970814511360647;
5.6703665352867745;
5.837102506621856;
4.389456969527908;
4.587862042110935;
4.054927253649214;
4.150085116184571;
5.255951456530678;
5.804569051652085;
5.652169079711439;
5.684525376293686;
5.662544116795294;
5.155834821988219;
5.427362706467224;
5.471925961559511;
5.173190879437448;
5.112243352898617;
4.586031325817727;
4.449088052180555;
4.484930407302788;
5.223188524859976;
5.75228190769456;
5.193823269985035;
5.057217104573894;
5.220115459612162;
5.179769241906902;
5.032213814196107;
4.814327355939078;
4.881473082588474;
4.8640027276964535;
4.839100297065218;
5.229736971027905;
5.159318371232214;
4.9211266241464955;
5.281151318994267;
5.3465116990826385;
5.404165116981022;
5.439383239596907;
5.626140906205123;
5.756728851293817;
5.496712204992238;
4.714332861530486;
5.589586830135899;
5.5962933412181;
5.455074888528407;
5.634739370595348;
5.534529323082544;
5.934896245715184;
4.767648115776193;
6.191039087386197;
4.84552300179141;
5.036691497830527;
6.008675647195264;
5.02855890199264;
6.084695158933928;
5.366088559015308;
6.220134631277834;
6.083667861984036;
6.1437519350810845;
6.112528837124625;
6.147330244075845;
6.10928121262965;
5.717005474632611;
5.4279515091713035;
5.362577649174902;
4.541701607780926;
5.181286175810804;
4.389227295953237;
4.640604225697729;
4.798581134212109;
4.655958310337136;
4.750291098199465;
5.016607826008389;
5.100886524835533;
4.908170106156778;
4.708578311409827;
4.52500814829935;
4.6622485724319995;
4.764302739228756;
4.907016790349362;
4.643022230122013;
4.666717681673817;
4.707451076308076;
4.5300962160193885;
4.759545221036883;
4.41746270798249;
4.895961311833058;
4.453988818648642;
4.590981113971152;
4.591715848141886;
4.560185519184846;
4.463506461344763;
4.527879988646141;
4.465528467723004;
4.629691833754889;
4.470834255836198;
4.492110848817987;
4.243381580882022;
4.639257292980115;
4.732648904662771;
4.643764625891345;
4.509666541931914;
4.4828538160020805;
4.625624602871845;
4.75982758093503;
4.777558773333299;
4.754754625532412;
4.853234276304272;
4.876602560895708;
4.828400983272975;
5.06995015114528;
5.332090262620023;
4.859731462158094;
5.1895583998667965;
5.107280518892404;
5.030362178431309;
4.889571507654502;
4.722496830323639;
4.779223158266343;
4.644819832613779;
4.714967330646777;
4.873043038743518;
4.9588648989144;
4.7547905279934755;
4.871517616291355;
4.962902001374517;
4.965742449986309;
5.245059680111662;
5.0906274484636596;
4.971508141967912;
4.984588631334309;
5.064248852982924;
4.995183916715336;
4.969407754631724;
5.028965610837831;
4.948203492640818;
5.113445402120924;
5.134879883479669;
4.952551637989987;
5.099374274714578;
4.83755846997774;
5.015846596282363;
4.826784362273507;
4.869591790007011;
5.026788610026912;
4.950030330360548;
5.022438252815263;
4.950809216592313;
5.144027136191476;
5.225129447930447;
4.837004853679746;
5.067596150004307;
4.932354940661063;
4.823398767270676;
4.7146408310225425;
4.704746824951576;
4.648362636604793;
4.93253033319944;
5.153524080724394;
5.0690031741411;
5.028976749664027;
5.76503929397305;
5.782972427180697;
4.694277449479283;
4.799759062746796;
4.87945898298291;
5.075864863282247;
4.905156331467549;
4.980411204317612;
4.900149511401177;
4.656517889107927;
4.714068261351784;
4.821338779122025;
4.760755783169412;
4.5794377181908805;
4.564774949247131;
4.730553971067063;
4.363832954399762;
4.738378193691179;
4.621562413733863;
4.565677706221243;
4.616149958772307;
4.477279066983553;
4.564616871400649;
4.515959283225263;
4.395088594675034;
4.492724320098576;
4.314323012237911;
4.288846144245318;
4.309439888921621;
4.349549246349473;
4.577761264790001;
4.416344121552624;
4.56115720734414;
4.471609046258037;
4.514081221188028;
4.308247866223297;
4.219202742296465;
4.403925647335698;
4.5840466193951865;
4.518854873223826;
4.533476362620923;
4.438589727531363;
4.5146578859035404;
4.523384681773951;
4.605000667636241;
4.654013892890987;
4.739246467038519;
4.5911945434065915;
4.73224044998671;
4.649486695184302;
4.53849437691889;
4.435025833860757;
4.211214290074804;
4.549271093315635;
4.528877926527065;
4.528031134191552;
4.579930934290329;
4.750710195728789;
4.754212122269143;
4.69041231210332;
4.80526196809237;
4.723455806220045;
4.60163730996369;
4.694285588958249;
4.529276940717612;
4.602400537457465;
4.549608635251822;
4.37316184644546;
4.677680327338657;
4.542733999947448;
4.838959352473017;
4.831166800360777;
4.874291662788763;
4.6974684022005;
4.715413668955421;
4.833827502329157;
4.785669520800759;
4.765925727353529;
4.9173227571803055;
4.570914578852409;
4.960755233074162;
4.966424522692276;
4.756071808757898;
4.727728442843298;
4.97759045383285;
4.696581310552941;
4.564960096868411;
4.24566033914224;
4.708005209657911;
4.79954505685081;
4.914380354861181;
4.925544980748948;
4.981602485972612;
4.838479010150351;
4.721606703374513;
4.835447915966615;
4.792506456385516;
4.791305426830278;
4.624151246618925;
4.790756244330872;
4.7345310186538825;
4.803721317594774;
4.634997550122635;
4.7284731335299;
4.666300590019948;
4.940775407959713;
4.533489886233997;
4.642109002624206;
4.2270075365778546;
4.565364899008543;
4.531887808756492;
4.087062139440105;
4.4594522642594585;
4.2722783860719655;
4.297887457594198;
4.374588283428809;
4.576333728342823;
4.189566909721778;
4.5915746058907105;
4.315216575683166;
4.044719961066079;
4.204351755811264;
4.1134183420582655;
4.631323322083887;
4.512727855560913;
4.251404394326761;
4.518572424042218;
4.717247238317674;
4.609132626564106;
4.661670769981688;
4.94245834337258;
4.553626272909989;
4.7625379371632395;
4.7781956790149485;
4.782312793886897;
4.810432380302096;
4.2559439442771785;
4.451432321242413;
4.6425913251086115;
4.775875133382487;
5.080899749430598;
4.9472592460822655;
5.009953430667694;
4.878942495828666;
5.385835681987595;
5.1669290067274;
5.049222332955589;
4.993840739305799;
5.113875689278954;
5.065624843791775;
5.13164903470378;
5.208743898239753;
5.324263945583894;
4.191358634709115;
5.174767405694981;
4.7873262074264264;
4.845584766845648;
4.867581781198404;
4.879786041757657;
4.602109123577588;
4.649460718279566;
4.800703944168752;
4.744258429550265;
4.685296618646271;
4.7373025826014805;
4.80352493115442;
4.755631442166503;
4.775458658458283;
4.6743779736294515;
4.856136567552939;
4.597115020071187;
4.585431908233298;
4.526550713411799;
4.362048011233929;
4.982071008947549;
4.978466823469938;
4.826269616086076;
4.871514787292856;
4.834633775243963;
5.01187298414122;
5.0011059754834;
4.7920300556128455;
5.063267267278879;
4.880677039872931;
5.020126321580418;
4.997261871485557;
5.113260223812288;
4.89233965083357;
5.117145300871123;
4.928064727038916;
5.302126767573291;
5.3644486856506655;
5.361332500996489;
5.078537793863208;
5.2295745662393305;
5.157113765577204;
5.042909285554643;
4.969468980453475;
5.0316931941468495;
4.919662984907657;
5.26861184566676;
5.293702209702625;
5.048993113855577;
5.1996920853412405;
5.05089415412648;
5.364712946990356;
5.035787445803646;
4.741398726446932;
5.21401745456845;
4.730653229601265;
4.692395377362273;
4.7787988213202635;
4.660139781749785;
4.8424205179714885;
4.976948511338069;
4.983575697193235;
4.98338242401164;
4.7554378488268005;
5.050847147297124;
5.002985452349361;
4.997530421462398;
5.120277525660432;
5.203051442235785;
4.778380113615431;
4.742746905862883;
5.117717093749346;
4.886585194333433;
4.894320521344825;
5.139006009686774;
5.006655985878625;
4.881169248685547;
4.920116992789068;
4.855725313192992;
4.935476266174593;
4.9385213329281115;
4.850869744156306;
5.263292163462395;
5.008093987934191;
5.129328361286624;
5.118800522076846;
4.960598472235727;
5.119762141663797;
4.965107418410163;
5.318583904338171;
5.171618413031314;
5.1551900014247;
5.305181331888822;
5.210215516515438;
5.06223369352677;
5.118896854711605;
5.375630395045813;
5.106876296165464;
5.250178993071804;
5.382781115862366;
5.484110386343065;
6.009548303399773;
5.841458971487117;
5.814977728183421;
5.404727615607615;
5.385083534562297;
5.253383778534158;
5.41456946002202;
5.489044822473178;
5.396555202324108;
5.429418275744707;
5.509625443950542;
5.27890119013268;
5.461498828366109;
5.32238594013084;
5.274345424960559;
5.380226060569159;
5.567993906804623;
5.140913621599004;
5.682078452833757;
5.420161075221464;
5.57081382274381;
5.309095197164255;
5.382318929067155;
5.3103265089656775;
5.098358480889911;
5.9653093463630595;
5.078895447051397;
5.2498347492350925;
6.222672021098795;
5.2112205257421875;
5.452037599364323;
5.358101844157589;
5.569994361228475;
5.359656380235408;
5.207464773439602;
5.160184046499714;
5.277414339899505;
5.040801622470332;
5.209037821673368;
5.064626973562869;
5.200482411420781;
4.981834271657002;
4.959899631786323;
4.896757000718011;
5.102626398600761;
5.100591167407898;
4.767243225883062;
5.063463661438975;
4.853013054122687;
4.883165068572201;
4.969943424022574;
4.8872968045245395;
4.676913554001593;
4.8933336909145035;
4.882731438626175;
4.843326276478159;
4.941285208542581;
4.775457780951124;
4.894042953846291;
5.747139173954995;
5.1508676555158734;
5.18451511178046;
5.169698514631582;
4.947856976991584;
5.6943394902415845;
5.1441244311039425;
5.22012714468633;
5.093684639897645;
5.037139724807344;
4.95827868065788;
4.726474808344896;
4.5759385498926575;
4.800134210913664;
4.300888425858449;
4.597005442759193;
4.729745857239305;
4.7488732167380086;
4.8165865818829365;
4.847812165089555;
5.03735057668897;
4.957182450718329;
5.121292077956586;
4.492999978441999;
4.890137640471035;
5.031466709176681;
4.8032046814032165;
5.0810097042486335;
4.937754742458027;
5.098016059129018;
5.2172244325190285;
5.031510239583779;
4.884635098679896;
5.115054045131983;
5.108723200978952;
5.125489603293102;
5.1181213135880865;
4.962801931432241;
5.181683506568526;
5.257974867535085;
4.944330481732998;
5.058465191444422;
5.088994100457968;
4.71821457486345;
4.8155770022176565;
5.08321720167544;
5.023325356255084;
5.35169367368068;
5.24859970306615;
4.987575549102781;
5.1150620824475475;
5.051030771070023;
5.196465549225029;
5.224150833063922;
5.077126148642959;
4.763692549842533;
5.093935862423162;
4.781779860258026;
4.681319304261164;
5.116698068887019;
5.0991536522968515;
5.264903294318227;
5.00188812243042;
4.830966410694941;
4.7473625699224815;
5.124776508359559;
4.707058104734046;
5.087923483132845;
4.799603978556608;
4.772440523355215;
4.802273757388996;
4.713193898186177;
4.892529787466384;
4.666537537054946;
4.755094510743893;
5.086172365042227;
5.0650608564800255;
4.957525376333398;
4.7005116213250835;
4.935025312909823;
5.040337787372655;
5.172201721356539;
4.989530653016815;
5.211798240614955;
6.566890975670925;
5.3407394841011975;
4.604541009130907;
4.766611507583786;
4.900248172934021;
4.879125959500285;
4.956951732185469;
4.952536878755155;
5.023811427678004;
4.933895602948051;
4.9779160147794785;
4.805590620724061;
4.966649076434621;
4.991247800981202;
4.658599010822808;
5.394425610684174;
5.4730105710898105;
5.504954287854487;
5.374078683639723;
4.7195329480000465;
4.739062524708868;
4.76248148322793;
5.434679638990848;
5.376769010567625;
4.943832494431501;
4.907239958970816;
4.914464472764988;
4.8772755413256155;
4.861183169400132;
4.712529226461332;
4.654099530238444;
5.179313368520728;
5.207133360931408;
5.038691378965431;
4.8234564970586815;
5.184625561577638;
4.941710519531701;
4.934402628531265;
5.025500956554114;
4.74921879708442;
4.875019557353041;
5.078602034643232;
5.079772459404735;
5.031286200513693;
5.213818104277413;
4.947586644871504;
4.845284713446763;
4.9482147249247985;
4.756706848555146;
5.315867809038156;
4.879449040754676;
4.899952184130283;
5.225668771154202;
6.7237878900092545;
4.89149547262969;
6.166214606214837;
4.780346358372383;
4.975802376907514;
4.395286918888824;
4.502318396120958;
4.676585831911719;
4.819091585954469;
5.252878590520777;
4.448884851709399;
5.141716507227123;
4.843358721526341;
5.3662251062490025;
5.437022349929717;
5.435135880858316;
5.5033381719350025;
4.940148712571923;
5.169472160224368;
5.328185680189497;
5.234522234380075;
4.564168000772042;
4.801197631276595;
5.108187817270844;
4.8028470812523665;
4.859804439787518;
4.697081392331478;
5.06133845885091;
4.804726906919132;
4.823368523947158;
4.940848782935415;
4.84577466250199;
4.766896707692966;
4.953065332765129;
4.848194476769096;
5.287228295192962;
5.131705617676749;
4.870577524774476;
4.865017598644846;
4.874492122362864;
4.825786094787718;
4.724234031310045;
4.652158012617744;
4.906846913141967;
5.203590477070208;
4.79301423035138;
4.770994918731232;
4.852575543614231;
4.817601683614716;
5.395390904968;
5.445100887276995;
5.3481525077817595;
4.963200310679166;
5.086580531186652;
4.93445411121571;
4.751202203212555;
4.642982256821448;
4.912403640852244;
5.008872001975736;
5.121862198481701;
4.966720885861646;
4.828144280497488;
5.034555404351976;
5.657726637410134;
5.019044731783975;
5.6877917835146246;
5.599030576732985;
5.0330676483786725;
4.927726513790177;
5.046852167924713;
5.772204069102412;
5.568353125017544;
4.80235309170864;
5.031775407826455;
4.832157126861207;
4.824437904471378;
4.958615246194648;
5.118688607122918;
4.929534328602454;
5.429924893598746;
5.998251029177428;
4.982489402711901;
4.953450110442213;
4.940773970536078;
4.992559772843037;
5.461280560891346;
4.789554467844715;
4.587282833336979;
5.2442240002783045;
5.65718815425177;
5.327745116549852;
5.3452180109070255;
4.628776459132042;
4.83758611376362;
4.698839066000339;
4.582019180687056;
4.9487246483557525;
4.678620768076543;
4.7184989908934805;
4.98627324178552;
4.903248416225006;
4.768466506539206;
4.994772346434213;
4.924989130845513;
5.107164336021008;
4.884939864859554;
5.028178772799389;
4.822886178375261;
4.974574262880181;
5.091990436403115;
5.074171881508601;
4.773312667962453;
5.006520492039087;
5.226481097425265;
5.225161268569487;
5.188465354898152;
5.13060371041162;
5.398364219823181;
5.153295218057612;
5.225911304460006;
5.086620598502765;
5.075201939717703;
5.08312171626924;
5.2053410466829595;
5.002272657267266;
4.962214108276393;
5.026855754452697;
5.11539385887135;
5.328357456858403;
