1.9753019052228753;
2.2862257469827796;
2.2980002154471486;
2.323993328215804;
2.5352009927001524;
3.0579823088653852;
3.134954684603511;
3.5218286850494884;
3.4783494994705215;
3.412550550935829;
4.3107781003355665;
4.493658332962861;
4.759963141288457;
4.288872306570589;
4.6321142904316;
3.7017927447758487;
4.535628780901826;
5.630976657925756;
3.8460450317708563;
3.715545919172991;
3.8946168874026372;
3.897459836344762;
4.677562125031175;
4.943931858086497;
4.188103958485071;
5.048935271272824;
5.019286996906313;
4.050831136410156;
4.302823291160763;
5.157537267754791;
5.643671052065446;
5.252972940595894;
5.599358084744451;
5.900285701677782;
7.029800594051345;
6.185642191679754;
5.892693609023393;
5.982652204958227;
6.171414584517568;
5.305384750209515;
4.749032442615704;
5.448398983095816;
5.76853476341032;
6.157790843815602;
6.1086212042830645;
6.668773808560424;
6.538014619902949;
7.380789711477256;
5.166590805385769;
5.479288203367309;
5.718357058069688;
5.4880340224817745;
4.787822756857961;
4.4947123329442125;
5.099043747083666;
5.389016792633878;
4.569285324378171;
5.041826704184329;
5.8399852809798105;
6.36936185992253;
8.564053230918395;
7.595699129718863;
8.166737497223002;
8.249863776500407;
7.9490442400143;
9.121660696291064;
11.177689654005581;
11.656843697638871;
10.820884566152781;
9.832237648190413;
9.79654755318774;
9.595957589059786;
9.311555128124027;
9.428735254614741;
10.667732637069916;
10.490450197235658;
10.485756862875865;
10.38184523244992;
11.381586061192424;
11.473367347006537;
10.722777744632756;
12.267725038450946;
13.240881992448447;
13.355829529107014;
12.107261130373889;
11.957819534934794;
11.603431378675502;
11.913895319794031;
12.475971278307743;
12.247849280600018;
13.81513840602223;
14.246051498802572;
15.008354934623675;
14.587695366500592;
14.697006266188103;
14.961619754450295;
15.236223827253136;
15.307050898618051;
14.961820634334325;
14.824351383257632;
14.959314537214691;
15.933052638777;
16.121397949811612;
16.17081776456717;
15.914140364230667;
15.948253009386288;
16.22039338773218;
16.20732854921567;
16.507847703332246;
16.50135927213097;
16.39417798324997;
16.807064966505912;
17.107087812376182;
17.48890067513478;
17.266637208785408;
17.222116351304493;
17.35113753790703;
17.560376391095733;
17.568103373060293;
17.437856675568806;
17.987900306244747;
18.35683366056232;
18.16404957063271;
17.907969961389814;
17.892321829655636;
17.672369746054358;
18.072682745420202;
17.718358465390317;
17.880859227613982;
17.960005929780053;
17.781897578556123;
17.942669584987165;
17.902551078408816;
17.97961410983926;
17.738816646110216;
18.043721957794556;
17.46637661912869;
17.220018960787375;
17.821855253783724;
18.003103152528546;
17.951488108029935;
17.510523863606696;
17.512296567413237;
17.64016174911292;
17.841873131379547;
17.364790320302774;
17.64596473720145;
17.443766195630634;
17.364249631979977;
16.871107001630122;
17.631984820377916;
17.459365889732258;
17.33520679389876;
17.283037865998168;
17.682812398681495;
16.903241092074563;
18.01577092474721;
17.399170513049658;
17.42796643519079;
17.252199926182357;
17.24045928498538;
17.37489184905508;
17.12416481398082;
17.285672900598843;
17.382551125201086;
17.132008134973344;
17.060105589154762;
17.33918601152297;
17.70277627879103;
17.741250519274846;
17.768818283988875;
17.693734225431538;
17.400616177232198;
17.532109706334165;
17.692976729140675;
17.5788417981644;
17.33806198932135;
17.483822488517013;
17.525003440877494;
17.582765060508763;
17.490695226298296;
17.404410011280202;
17.427436743122293;
17.434966757946913;
17.37644342442445;
17.423160547186935;
17.269029746006872;
17.082297915310065;
17.20198023816788;
17.225987702251263;
17.46277283394933;
17.34919782573038;
17.279380040521612;
17.06835585821691;
17.105862050038592;
17.256566702791257;
17.159021731421948;
17.265240265843353;
17.53139206956566;
17.471387643047265;
17.591655479013035;
17.518596957602778;
17.565549249152728;
17.505294171322056;
17.48574680148784;
16.943746939291866;
17.047747475326453;
16.933566945897443;
16.84877416970537;
16.987839672224467;
16.943180612595725;
17.064105700404262;
17.148644182438236;
17.092473980364826;
17.132077461425606;
17.072492737750167;
17.119922309966057;
16.923595688237274;
17.09823340687559;
16.931438763690423;
16.860575574128507;
17.23762338925995;
17.0410009785193;
16.970785910067182;
17.270549142889895;
17.362623159587883;
17.185257843680496;
16.721512652347936;
17.12720310558435;
16.738404761045036;
16.92196015766993;
16.988879616545272;
16.978153391307636;
16.90161574922226;
16.94319093441078;
16.912348662784744;
16.699916377847092;
16.94660049922502;
16.938243218619714;
16.967560230501412;
16.904669137367346;
16.912167585829447;
17.008807811692;
16.73641047859749;
17.021816238487883;
16.97355920939142;
16.86372431310634;
16.5923271441092;
16.792199974268573;
16.864004855627137;
16.894285750745503;
16.756012960534452;
16.96863665908217;
16.898969000459537;
16.93213669245883;
16.677524865407076;
17.079046346725885;
17.007521781129817;
16.985805150979882;
16.931136167777797;
16.71398258146131;
16.82453408385862;
16.766486486396985;
17.00175136196136;
17.182977017316162;
17.084943745395535;
17.208009497823596;
17.27103723695243;
17.219217644685493;
16.939670072075625;
17.02699308093408;
17.118694986774955;
17.060536450491515;
17.16084197802625;
16.915674179695262;
17.089378984812015;
17.325168704387455;
16.953099805819523;
16.647013494163602;
16.88102987134015;
16.929763960296206;
16.976627274541027;
16.742617918197933;
16.69344362058357;
16.739256432002776;
17.291310292824942;
16.938923834852705;
17.45611921742944;
17.16587803899159;
17.357820945184383;
17.12379293561103;
17.10624747277586;
17.226649934655438;
17.248597604213092;
17.37525121371816;
17.370160139590237;
17.427726791415452;
17.410029191262925;
17.266375448331377;
17.273966926217632;
17.429250570482207;
17.309323269909132;
17.48758106349452;
17.72158368601789;
17.085888825597028;
17.579670063292017;
17.34768928369233;
17.226736445618652;
17.273109781965854;
17.136583269774608;
17.188414000063908;
17.342101130562423;
17.10975471680281;
17.276037777329545;
17.20304032941052;
17.232855785110637;
17.379917287754292;
17.153794168231336;
17.253188817779737;
17.156801231058896;
17.175976703686942;
17.18144111049987;
17.096108108336924;
17.00032961523099;
16.996606961849956;
17.152169149235306;
17.032359809060704;
16.977432903100123;
17.012135323905525;
17.275158970763556;
17.212895379000066;
17.224867285450937;
17.10882031525286;
17.000041508823738;
17.111296918883212;
17.238253365260856;
16.936156879337332;
16.762618797911788;
16.794910622442718;
16.788267896725305;
16.658209700900645;
16.736486983363076;
16.950626373951003;
16.949001687661944;
17.149727416374322;
17.013011459722406;
16.940473769990508;
17.087830107211197;
17.015665721714686;
17.04712451594051;
16.847294201081496;
17.01627817578526;
17.089518674901772;
17.07461917276642;
17.30223931356934;
17.268514108172916;
17.11758626953602;
16.698576406365028;
16.866633326730884;
17.008312406869283;
17.0730406690984;
17.202070854091726;
17.00244216334999;
17.05077623278137;
17.15251699997755;
17.26027050391833;
17.247012236698385;
17.15348390544694;
17.23275390142679;
17.19061641085019;
17.439783964301302;
17.514846323571124;
17.272137541987053;
17.474896517736237;
17.631633288000703;
17.574157331030946;
17.617679228956614;
17.328400901148633;
17.399950029452373;
17.315942563675904;
17.65641478416688;
17.377151039727263;
17.527478858247004;
17.65036650609832;
17.55009506532851;
17.87774586048343;
17.82979258099439;
17.977586580906593;
17.74843541393367;
17.98901258258257;
17.754157873662994;
17.899833810520466;
17.574180326005294;
17.589759982498407;
17.660600723834044;
17.637539487937186;
17.422434092447105;
17.454968754217507;
17.402150778412622;
17.43226843988297;
17.34180581802774;
17.343016447947093;
17.527435443348782;
17.556152928289745;
17.401221131914884;
17.45499494290786;
17.404639603488825;
17.576480226154963;
17.83389963558983;
16.885677443314357;
17.439767234276157;
17.345166787674508;
17.445589463861154;
17.63075523251797;
18.077748335205555;
17.796070399280143;
17.81894784124455;
17.505389586169223;
17.42745977981662;
17.203617627243087;
17.479648580651393;
17.526365911473267;
17.615159291188625;
17.712110915668212;
17.6049642675931;
17.671326353366958;
17.730642442613163;
17.58132203501195;
17.569325658070532;
17.305585730350817;
17.325689503213333;
17.510583835357732;
17.251409238282296;
17.203391015377566;
17.456804330456166;
17.53073721872872;
17.46084095028574;
17.537651086324136;
17.724092067767245;
17.654940169455447;
17.71865161195967;
17.421302815607515;
17.54599278380318;
17.589938344368303;
17.321710167845232;
17.23277069634937;
17.520751395097378;
17.60800026760015;
17.54148967757069;
17.5756011207245;
17.456929107806822;
17.57118642827871;
17.417119273432;
17.34431195575744;
17.42456263452998;
17.452563316088142;
17.507451857188084;
17.466760279973272;
17.521596408340926;
17.482662593818844;
17.569205784415715;
17.555279946667774;
17.33720662459807;
17.509211128394337;
17.628674975626755;
17.621081226590732;
17.281179307564383;
17.28119911611257;
17.32892803662835;
17.385845320789507;
17.541245267104024;
17.437345471282935;
17.599988323155916;
17.44474261407118;
17.390694205856438;
17.677928079463424;
17.957936430414655;
17.729599850864705;
17.919570563683042;
17.843058741296502;
17.795793042293866;
17.63301463259692;
17.872593704901558;
17.816194225705136;
17.531104010932157;
17.555119105765193;
17.508632137146936;
17.67220536995859;
17.802044107302656;
17.804632796023693;
17.84145244509645;
17.703593824490166;
17.945477055719433;
17.82625336530021;
17.79831569980952;
17.63296109776912;
17.832486823656698;
17.541227163691286;
17.474161846384444;
17.405896185849397;
17.358217371059492;
17.47325720550209;
17.348665971743333;
17.420270159975587;
17.276759713821125;
17.332521069818903;
17.31834622819084;
17.525206733439166;
17.261515778291763;
17.292566614871156;
17.311550156267547;
17.474836525497892;
17.65355084019132;
17.359366428504348;
17.496582195554353;
17.354834763180822;
17.496062829417767;
17.39324828570176;
17.55561061915559;
17.406876371404536;
17.347431085690246;
17.182239572658403;
17.307231222427127;
17.107502039078476;
17.361331411911667;
17.21954846997821;
17.01793526657733;
17.27264142733428;
17.36785674796626;
17.45006674574847;
17.334894849320406;
17.606463909197558;
17.513046073104224;
17.90193637447204;
17.9920433465308;
18.139567874698834;
18.105048361465588;
18.179519117854895;
18.019764375311347;
18.182237331631487;
17.654792321318094;
17.6136754899406;
17.513194565921644;
17.51468239470747;
17.52883110480923;
17.57495094512396;
17.705663147362237;
17.397533885130134;
17.437297719910426;
17.550490425522458;
17.568571065154966;
17.469881865071827;
17.62506879704029;
17.366386322324956;
17.43043096832876;
17.28659584924156;
17.29588926368751;
17.351544961620295;
17.18962057095007;
17.239562758558105;
17.242770296798433;
17.38553806515402;
17.262709686653317;
17.422823394442833;
17.251859276609114;
17.492677983646935;
17.60848367671935;
17.417761296840784;
17.33853236353965;
17.360607167111972;
17.49034520499631;
17.55532894760015;
17.691121535733107;
17.538402072575323;
17.611126633812344;
17.427467402438726;
17.567752798843244;
17.650208940066484;
17.89865874147036;
17.86371469473256;
17.748924190809056;
17.943641292988936;
17.727293660638196;
17.75525140625449;
17.857307119638893;
18.06130065179825;
17.931531041273757;
18.14957296856252;
18.06470430472415;
18.154718817913576;
18.11961394458051;
18.208240980526487;
18.030294265895606;
18.031542466253224;
17.920256621085226;
17.98436457273878;
18.082753982024403;
17.94955729012687;
17.976958414014916;
17.84732695913252;
17.904223907175965;
17.89068712850021;
18.01044693561128;
17.99728705018083;
17.94307831376605;
17.615817227537008;
17.64632206871916;
17.77704527083334;
17.723988305459798;
17.579388616716354;
17.31734433651109;
17.465708363319276;
17.409375832062207;
17.580846094698217;
17.48919609589866;
17.54917366131309;
17.553756014780202;
17.443195118829703;
17.440526993809733;
17.58325161760204;
17.387793552009168;
17.633028593701386;
17.34684704666469;
17.64041465047518;
17.76718923798244;
17.777047325866917;
17.510867742383454;
17.414202697870692;
17.448462480208022;
17.69677854660035;
17.54909977403491;
17.76479718142774;
17.65975130989568;
17.71925887388948;
17.67676690119953;
17.577891770034295;
17.522193068262947;
17.684342751691492;
17.451095795305317;
17.562039486470958;
17.533248230803974;
17.625298379208772;
17.571990618335093;
17.735996564184372;
17.652899526302512;
17.60873728949835;
17.765799208602022;
18.036953341750486;
17.82821865635335;
17.769909578682864;
17.6748424594998;
17.71620366240028;
17.72318122907018;
17.684153092758642;
17.695187278328614;
17.547773243909944;
17.76633598886989;
17.598569504446544;
17.554175733440452;
17.601735433315984;
17.60925738633773;
17.50972050822018;
17.53517968825494;
17.77952851353516;
17.650317032074373;
17.63015814169803;
17.457915578140607;
17.55890728064352;
17.588643758333358;
17.74256340529521;
17.55742942328616;
17.52724513467887;
17.679256044541624;
17.465054274118618;
17.54224809598404;
17.524719792974572;
17.773713969309437;
17.89061353080395;
17.941281547771606;
17.963371369582294;
17.836024202122342;
17.568611935667896;
17.55168440809627;
17.713503186020834;
17.611503425995924;
17.52662253636447;
17.67294134252768;
17.430405846114166;
17.584752717866834;
17.56702739464039;
17.489155983421906;
17.775731044428486;
17.567483962522736;
17.58998086732943;
17.586029103070473;
17.503129189702626;
17.626772465022622;
17.709578256311293;
17.91414124923097;
17.826168598088667;
17.807525336224966;
17.813922140949618;
18.011300540148937;
18.245675967025104;
18.13336625444461;
18.216952743047646;
18.22573532929659;
18.3774204686765;
18.39222221891504;
18.225856010830437;
18.40178597288718;
18.14255824802633;
18.295942361045675;
18.220515368328883;
18.33657827481107;
18.14739683226784;
17.77174026079463;
17.98384868980964;
17.961501887413846;
18.000523330430937;
18.074504963021333;
18.10190472774785;
18.060299211247923;
18.106823822215222;
17.837877647488497;
18.001596558837367;
17.9343577319615;
18.023755615576228;
18.10555960234453;
18.281250505502125;
17.9232228340608;
17.60044713116545;
17.843699128091824;
17.751033530563205;
17.670889930690123;
17.7588753217442;
17.667247988617103;
17.73600701877981;
17.490965977291367;
17.661280844207745;
17.857024583066647;
17.982645155220975;
17.970909540830093;
18.006108060807605;
18.104679081176585;
17.7276448824415;
18.127329231997095;
18.41978564814329;
18.316480401118458;
18.327975283291384;
18.12086216107223;
17.853515755394007;
18.114517440503384;
17.99077522088205;
18.157370012234235;
18.418335697951605;
18.29529328210229;
18.212113920802256;
18.08831815164707;
17.944724097369676;
17.982542595615925;
17.89698599551696;
17.68898365246971;
17.81746690663623;
17.929922896840807;
18.006613654115405;
17.83234637126662;
17.745386002127486;
17.990426828054826;
17.902813523998546;
17.799715947558724;
17.969213932155764;
18.374744155322524;
18.219013034617934;
18.033002227846108;
18.169119035749237;
18.06278421775709;
17.80031088943222;
17.810530193652966;
17.72592862406254;
17.86282286361686;
17.82269656974527;
17.94863842382282;
17.93405256240714;
17.938663805280694;
17.57961904110146;
17.571067322298298;
17.898429964475948;
17.900414688518197;
18.094762130727016;
18.094558721116186;
17.81205669274119;
17.89665724074522;
17.92278343867664;
17.81119991301163;
17.880694088650582;
17.81463015133074;
17.711356081825233;
17.886818116940635;
17.93352012385618;
17.751308600044013;
17.750662244655768;
18.076044943534974;
17.86380422061884;
17.700940390924146;
17.742649192111386;
17.672607137661316;
17.85602589335439;
17.498551441831523;
17.883513150443967;
17.722209451546938;
17.531181243431572;
17.84217174473387;
17.86425926568767;
17.762384994887494;
18.147085316885804;
18.210036495826635;
18.316935721736392;
18.439471042820657;
18.35306326355071;
18.454272609479233;
18.228003726298436;
18.19575000877986;
18.125461233617415;
18.424928980149357;
18.585118535811183;
18.699138888495394;
18.318853003899537;
18.383442769232737;
18.224475319666666;
18.26472556478648;
18.352754361916112;
18.203963686257005;
18.288923380868592;
18.218802788939456;
18.231882863913803;
18.421653026924304;
17.70952880977377;
17.8167020349633;
17.743883734704617;
17.73948040091056;
17.87383437970554;
18.00914146759144;
18.100173244801756;
18.062900052687873;
17.9964302852228;
17.918364179395912;
18.114475029829947;
18.131028713365794;
18.13080445705161;
18.065470116723404;
17.969354007234436;
18.047004798002366;
17.987847496979047;
18.038594650333458;
17.99841289216478;
18.012783490170598;
18.181729482099;
18.047360729748966;
18.045637618671744;
17.902492258979187;
18.05446094545274;
18.087779897935313;
18.286071292371872;
18.32044510726939;
18.43975693744648;
18.432622830781703;
18.590981323468373;
18.367202266260414;
18.422273576449754;
18.428983674068995;
18.494068059696655;
18.535374755410675;
18.649070971016492;
18.579883692439147;
18.35395510160421;
18.27823245606492;
18.498486044131337;
18.813135174220363;
18.741151329978624;
18.808562859013758;
18.595758024945674;
18.627968176397292;
18.57638780669359;
18.676184243146576;
18.698600270439282;
18.709342656919503;
18.45413303366858;
18.570400236530812;
18.525013491629686;
18.370765295082663;
18.12167470464191;
18.091134689146916;
18.250700462064607;
18.201543593593026;
18.19503858514206;
18.347223942405392;
18.15400320406031;
18.139417224064594;
18.107977241530797;
18.219690703896347;
18.324990460869923;
18.196400784828167;
18.288750360536326;
18.17196573040412;
18.01568823350114;
18.145128816369933;
18.309883352298492;
18.046423933850726;
18.011340563355702;
18.03214621559959;
18.15777453948571;
18.02784960044767;
18.133762560983495;
18.138783166906023;
18.129358927882883;
18.02098652097203;
18.11879044659124;
18.239861616448405;
18.37165831590743;
18.645337113213927;
18.41971723679537;
18.567167922486263;
18.13866715898865;
18.013249799340013;
18.190246919111292;
18.61428758189724;
18.519072810655217;
18.704050327076253;
18.64124844259254;
18.715871376012238;
18.893368220175713;
18.810523096520495;
18.016360444842498;
18.623827350220463;
18.62296305521127;
18.72505305123876;
18.88177448065892;
19.04191540251267;
18.86466274114673;
18.889636231809202;
19.083390901381318;
18.986473172107814;
19.006988957821974;
18.605010284306413;
18.77588251474422;
18.74382835246383;
18.688464532528567;
18.69116586646117;
18.584773279567855;
18.730391665035384;
18.914782859662278;
18.933725653481957;
18.78974918325091;
18.743144769310117;
18.87047085733308;
18.77256644513091;
18.774244570996945;
18.60462910831661;
18.649633659591878;
18.721265918479723;
18.994218931440077;
19.029396342237053;
18.82184514125466;
19.043535520415563;
19.279058308866798;
19.23874582876958;
19.300746789410415;
19.071522231248842;
19.351552045861332;
19.498899705331112;
19.554483026405663;
19.424287953541665;
19.67281030063223;
19.488742169312687;
19.326790493807362;
19.46477889798392;
19.41816888536466;
19.499177569455398;
19.372326988660625;
19.618337967696363;
19.434642455291865;
19.312046461941108;
19.44413189771832;
19.597838500230008;
19.505423284932796;
19.563493024934516;
19.555116437458082;
19.605815113222942;
19.529683382395422;
19.518528403749713;
19.488002590928375;
19.674256644933198;
19.533923873073142;
19.361296665175864;
19.467113286342222;
19.365743100064392;
19.30146457207994;
19.390504704480485;
19.461008825979157;
