1.983257907372384;
2.886682972843276;
3.1874310363184324;
3.485742235065006;
3.456364731421442;
3.4678300251555525;
3.5602322887817075;
3.0516980485094245;
3.3855669116554106;
3.585953037427349;
3.7171714443054302;
3.568015615153807;
3.5541219713993675;
3.4164340692629103;
3.4339477023063774;
3.4170448072354227;
3.840160071561147;
3.8555560377896945;
4.105528750944516;
3.9071152007024468;
4.3347519262186935;
4.143962450540755;
4.347353682913568;
4.178083473084747;
4.50201508043269;
4.384238373541499;
4.409232997134198;
4.430046268961309;
4.408248765280903;
4.64516460892308;
4.491949368324176;
4.523679445325276;
4.454268876160396;
4.408998634640553;
4.35421968211774;
4.343190118387309;
4.573644594591675;
4.61603035623675;
4.548563826375238;
4.347453743888099;
4.309305605818762;
4.723577916321292;
4.6056700694920485;
4.48162259431326;
4.657032557772683;
4.317751856099613;
4.513050914548535;
4.645666020311614;
4.489017009034794;
4.6047220041260815;
4.328008334137542;
4.075723236934157;
4.30602244650245;
4.343161340009247;
4.44262700371498;
4.233974911450308;
4.5051472529651795;
4.285789280170878;
4.398409568984552;
4.549395992176573;
4.486521785786238;
4.482615526335332;
4.581390569673818;
4.457399544987751;
4.441158400780787;
4.533171835976473;
4.57712488081658;
4.3386350620926475;
4.606792403187324;
4.65492007990691;
4.693997785740197;
4.61336157110971;
4.560913398054831;
4.577573713381024;
4.593079140980962;
4.714158196213909;
4.610256483526639;
4.69569021860731;
4.229803249893081;
4.469753171599598;
4.455188537375864;
4.587848990072602;
4.38038561921883;
4.831270910583304;
4.630077931243288;
4.961862522788543;
4.798633028146921;
4.872094130612689;
5.366014493348376;
5.391751992380644;
5.587859042663078;
5.26552371089859;
5.491208559747411;
6.632168303227213;
6.556216630718115;
5.90691062082634;
5.8462976087845755;
5.29237116695453;
5.681480269821811;
5.343479606196726;
5.446969309666543;
5.377892791404044;
5.4645314580763795;
5.587618400566072;
6.177253081216207;
5.254520714921086;
5.144382864946655;
5.192268623938505;
5.321719968178348;
5.596407841909516;
5.475583928462137;
5.408472741648379;
5.69506656289314;
5.915703156280479;
5.491094613180919;
5.696613886607835;
5.842642364043067;
5.797814252463031;
5.609654885352634;
5.778677235198782;
5.843772316873704;
5.862903109203673;
5.769285378782592;
5.771597729249133;
5.835005109042319;
5.934361342392072;
5.661081983301288;
5.768405111106212;
5.779687404328748;
5.50045347454444;
5.574938630527119;
5.437635649128086;
5.526900476190109;
5.524929629372317;
5.370533739299978;
5.662238597800518;
5.616143269741432;
5.639884185898068;
5.2423112866127655;
5.320442124943431;
5.758932957158721;
5.775998700457744;
5.50120697841712;
5.873153865912644;
5.338677259457946;
5.938830563932444;
5.658488350925482;
5.510266491479961;
5.556984357240972;
5.122792828525596;
5.137770862770211;
5.183220542652613;
5.937071688323799;
5.281592606253184;
5.701780672437126;
5.200728363850992;
5.1979960964573495;
5.188978003320882;
5.191565238266815;
5.773439294628533;
5.906319625687187;
5.948172756237528;
5.732347431654843;
6.089776223641237;
5.951200555065001;
5.9884198300795335;
6.089162139918756;
5.88154041338494;
5.29233618128532;
6.047991524124248;
6.158416413991681;
6.125458138656619;
6.073371976324723;
5.6300271624750495;
5.6221663026279165;
6.299913337718059;
5.738880811373019;
6.412128473298228;
6.394223751456225;
6.382501605380586;
6.493016172024974;
5.772414892558081;
5.727978555589108;
5.932276855383259;
5.683765423823931;
5.801825419984725;
5.899724581029899;
5.75471656120069;
5.266335806420881;
6.013142490609633;
6.036305806700837;
5.787880801004916;
5.798638837415224;
5.847555788014819;
5.581164761471836;
5.477336697289572;
5.622850819643253;
5.769211370601923;
5.5893104124720745;
5.673345129350637;
5.621199141430441;
5.525294213435866;
5.507113412260456;
5.356964357204587;
5.4883177810310455;
5.330503348475573;
5.608880492804526;
5.845234052034649;
5.914623223050619;
5.979330036648302;
6.0054491878616885;
5.969184619802249;
6.048007971852706;
5.955135457476207;
5.656932938496159;
5.920701785342576;
6.03945037698818;
6.036345285113872;
6.048853561784627;
5.964373065312727;
5.415551309497456;
5.249761994032227;
5.227589540362295;
5.573727985320402;
5.811827673278794;
5.727814245635691;
5.731281416651587;
5.675822120475156;
5.254771098041473;
5.285969256405071;
5.248511410690895;
5.268076704990806;
5.256989445748024;
5.4022499096419505;
5.726248076581827;
5.832610748477807;
5.626211310760072;
5.859571443639024;
5.6513720649862185;
5.556381599980545;
5.9574463137966855;
5.97942219884491;
5.858923717234263;
5.699189972570768;
5.892668409377188;
5.763732825316892;
5.985440096968552;
6.065992390533206;
5.945245911925239;
5.724189625282733;
5.637374244241785;
5.823968213781275;
5.7925960263904255;
5.60967877867213;
5.590008321501842;
5.552406401805174;
5.768684574009991;
5.344495793451266;
5.333937931830304;
5.421686256954351;
5.8615067834686325;
5.94847160823753;
5.971414171633509;
5.964547078830579;
5.96535458335681;
5.972723735711807;
6.059577658489375;
6.287316673983698;
6.395061226690877;
6.402115267724943;
6.584434863801656;
6.045595412732042;
6.115165059149666;
6.1377605605668455;
6.00184481850478;
5.963249260724166;
5.893449241156148;
6.002346884003925;
5.950738634435398;
6.068719936251938;
6.006628602552715;
5.96368516746875;
6.118600483589938;
6.174423552242977;
6.060543937007039;
6.242640690745088;
6.406489773236003;
6.005897624129788;
6.229093509044738;
6.35249136268354;
6.407939147311732;
6.526766733822989;
6.638913398423101;
6.653408075704876;
6.637196099335466;
6.421575073525389;
6.183973637541064;
6.361481504579616;
6.174249194197204;
5.849010899844038;
6.112368883776571;
6.365889720211911;
6.544225614262027;
6.1860323512094695;
6.22708223731964;
6.406325541855317;
5.673547691991214;
6.334859018475451;
6.4725786271241965;
6.200765174553515;
6.3284204514871165;
6.229949508988452;
6.305580444254697;
6.4424060587764105;
6.575097663343375;
6.7146881870155415;
6.641398935967618;
6.421138480766913;
6.545016814367476;
6.35839160244984;
6.42989369992935;
6.576440127120921;
6.539159786548423;
6.522697142042928;
6.275320095307805;
6.507690041522539;
6.5236829048702045;
6.672514141284932;
6.8287711606405885;
6.845349730185785;
6.989214656287431;
6.998276435435186;
6.813023312129769;
7.028544746306802;
6.8363615251440315;
7.002191923903959;
6.901073585622758;
6.940249879193208;
6.873058893643136;
6.92219557724972;
7.095001713958274;
7.101128308030475;
7.453116130980756;
7.245341516911736;
7.556935442569205;
7.465858309163332;
7.251557144521687;
7.343722587440588;
7.2751270868047495;
6.898945631747204;
7.034749226521414;
7.002248431268416;
7.124660368902468;
7.021081502247948;
6.460762870857509;
7.0223617583987705;
6.692231797165637;
6.668982813830566;
6.780862788342446;
6.620846285007862;
6.589694461980081;
6.507083869038234;
6.559277734535964;
6.5984600916112734;
6.817761418883995;
6.877458289098419;
6.785097777335049;
6.734866998100811;
6.621582597811903;
6.8234017932284825;
6.777760602559379;
6.9290482626035095;
6.831996611725958;
6.682641022111417;
6.830275625906002;
6.937104327493754;
6.927903154480084;
6.9803669146727865;
6.907790548218774;
6.991410225030479;
6.978611400404097;
7.128559068955095;
7.038542532770116;
7.012413188463555;
7.127335945733399;
7.2409810991035455;
7.210522669379323;
6.883222760435351;
7.062245366041614;
7.178684989393393;
7.085967217509935;
7.002494497394974;
7.1338637216189476;
7.06564267728207;
7.082003868022298;
7.024459116789289;
7.033876974474988;
7.032922651714323;
6.864865313451234;
6.593041822539673;
6.5942175987593155;
6.583018249911443;
6.662240001517245;
6.957280667360054;
7.014493824859422;
7.040286514739423;
6.951868163362839;
6.902580109232637;
6.935532457057612;
7.075133042129564;
6.875775788740805;
6.790502530508029;
7.007022780147737;
7.050950470786222;
6.970400438158249;
6.636591756470061;
6.667013379604947;
6.76161562191396;
6.699059421722443;
6.685351816126779;
6.915797422035089;
7.417810824550416;
7.132847534727726;
7.2622655383181;
7.01234737427455;
7.0240172329695145;
6.9304801008836385;
7.127081105294592;
6.7900235161503675;
6.9980456095010535;
6.989632910128954;
7.164937408741545;
7.115840760710809;
6.926183038961858;
6.9434560650404595;
6.999489716994441;
6.823771932662635;
6.969596339977125;
6.98588610014738;
7.008955372466594;
6.808000447968016;
6.8703398954172865;
6.765958298872515;
7.130978316106632;
7.183233271927833;
7.30165284272642;
6.767346150265158;
6.875162089825824;
7.07073658810095;
6.987007711759037;
6.909963245973275;
7.082748236309109;
6.964628326645672;
7.043599809238986;
7.136358060327726;
6.740107405911757;
7.200219312757091;
7.260754161191086;
7.4368866849961535;
7.301853483286039;
7.418428570099461;
7.459063597235399;
7.229471784105473;
7.1838274475845525;
7.499170182285097;
7.278495533047513;
7.237328891458104;
7.445635053601513;
7.984443509610745;
7.256708650677886;
7.387334004441362;
7.395121750815449;
7.4728829369475545;
7.386686641838041;
7.368602992282246;
7.398693755505442;
6.99318490847039;
6.908260532144543;
6.864537496784831;
6.808499028988523;
7.066505265415838;
7.022107482954303;
7.074796695627161;
7.2058394722815;
7.217874387585969;
7.073030742262187;
7.022027995010475;
7.077705729874652;
7.37828417431793;
7.8222720500629395;
7.019252738472752;
7.25782093801772;
7.38225775417336;
7.340369814597211;
7.504606914223695;
7.323414030000163;
7.542228487053076;
7.3192355620771705;
7.20755597204868;
7.297964276104262;
7.047017990761614;
7.184179934735251;
6.992753399757385;
7.1777600386208915;
7.0115992902132;
7.124881735538093;
7.249196064537966;
7.220654616207171;
7.015827091143957;
6.984550723594147;
7.224162712725888;
6.973847800416778;
7.06468343920494;
7.1344860223968185;
7.099627892898798;
7.015605893738207;
6.992330489460069;
7.085396746494744;
7.029258191375694;
6.794222348435821;
7.080189339342135;
7.137297062872955;
7.0128826383138305;
6.7074618826223364;
6.861021694302384;
6.978586453038922;
7.026356659002756;
7.162075268477307;
7.024903426828745;
7.13814552540242;
7.0884027999487005;
7.051456042600618;
6.975838132546286;
7.223202313246009;
7.2444875360031284;
7.20086328071003;
7.228086543038386;
7.207720725107665;
7.294627229596379;
7.157410261924417;
7.144970267432191;
7.216959506535117;
7.139355900670737;
7.170159421463196;
7.12470163632687;
7.160247264491706;
7.161415945632507;
7.193768022938659;
7.303440327978454;
7.315174908751036;
7.190509933777058;
6.8167083174491925;
7.089970764981751;
6.814763488013033;
6.636904361380574;
6.883839675265294;
6.956416037051232;
6.809611103004807;
6.845064059157565;
6.840014431830139;
6.719812798980463;
6.94559254665612;
6.99543615577176;
7.01661830519901;
6.910188685868305;
7.070137218384491;
7.164849565080575;
7.190472606671421;
7.01184342384538;
7.170760998737;
6.991327194220035;
7.1104126821572775;
6.881215760059856;
6.905666025433376;
7.265060948786004;
7.196277105734248;
6.917723657807631;
7.224418995111289;
7.199310418406158;
7.126521965909544;
6.916100537291205;
6.941091404472267;
7.046032572713038;
6.940747403441047;
7.129420799219694;
7.075877511527447;
7.0414228054568495;
7.2755335634060705;
7.186209657182682;
7.283530495476179;
7.239525761086895;
7.482579781982277;
7.065695937131468;
7.441068184746792;
7.41337710576813;
7.465838682367552;
7.420961121543471;
7.467675168002231;
7.084980818756976;
7.301421801919734;
7.327099286100679;
7.256768310261934;
7.209034733328641;
7.253908950135997;
7.203120542222271;
7.413070950783744;
7.3630304756296745;
7.33367285958806;
7.4278805552095095;
7.766993286819475;
7.057546328925087;
7.053183632195827;
7.117557927593618;
7.214114808178439;
7.185808559400494;
7.37219714318673;
7.266068342433794;
7.391483576791072;
7.307212620819766;
7.211123089088359;
7.278931250244071;
7.186079265763367;
7.038411719742736;
7.173104178620987;
7.243048545697399;
7.273970939795294;
7.248989142896055;
7.240971342794289;
6.9863045393761745;
7.110257328504992;
7.078709411814131;
7.228495040451946;
7.094914356543145;
6.992488601223921;
7.043504385512934;
7.050139662730065;
6.811905058275413;
6.507962553738105;
6.637894667503867;
6.787225452622343;
6.874367231404956;
6.879670959733943;
6.9314602016863525;
6.984607360303022;
7.248839384152102;
7.215747584114607;
7.075776168191964;
7.16279114663448;
7.203832454301961;
7.303640750533274;
7.253125533009246;
7.2499029213156545;
7.4233970717229845;
7.557758216231376;
7.585937455949036;
7.604815088935429;
7.592985962060341;
7.546981967452213;
7.349301515385588;
7.341091999391367;
7.467406145544929;
7.34064027815911;
7.485278072316964;
7.350729246494411;
7.166647241990793;
7.372236333586018;
7.2824109526742635;
7.514243196755784;
7.167230787628545;
7.501563176501633;
7.276040702735232;
7.170203016984574;
7.113881621604858;
7.192383791851705;
7.334003229463874;
7.158193034295881;
7.323197732059497;
7.167225686764936;
7.199219457672624;
7.21132729688941;
7.187349646478575;
7.149774304383255;
7.101709819730323;
7.108138997256856;
7.249969602578947;
7.367327155199823;
7.402794914584075;
7.304929018078826;
7.347826454706173;
7.317934951000204;
7.239361313339248;
7.2175618484211705;
7.237489219087518;
7.252434029693973;
7.1971787721832525;
7.157636743899895;
7.179883746501735;
7.131805988920573;
6.9776821589027085;
6.990512735594135;
6.9520344916758;
7.156379281443389;
7.004066627252677;
7.129178587355961;
7.1641816570444;
7.025784986786654;
6.899882232019929;
6.915747693180867;
7.003423919417903;
7.336777596612807;
7.240234343103707;
7.253337670082238;
7.222774362629006;
7.161046695880053;
7.292557253795114;
7.473037710109579;
7.323932753281527;
7.318499010784134;
7.334551195062861;
7.228109474190318;
7.510391031978976;
7.3835545089139165;
7.260684608249529;
7.396444353589245;
7.342456951870484;
7.399669124957565;
7.181487638050239;
7.050686114364765;
7.165523922214524;
7.202312519297412;
7.132703515045787;
7.19632630914852;
7.16547039776022;
7.131770744269494;
7.081194161599032;
7.079384436323649;
7.179908025508655;
7.1925650482149655;
7.197485018718366;
7.148726570926616;
7.193565719385685;
7.108952497583841;
7.103311325338368;
7.225465399945522;
7.198373011920999;
7.27960126761958;
7.267533398343925;
7.300882335533236;
7.581849243191878;
7.4856410289006385;
7.445315752147503;
7.614897428910151;
7.412443300295809;
7.55282302518613;
7.457705182909657;
7.457835577374058;
7.589360923972385;
7.686678488900581;
7.562186604452719;
7.4870470858690465;
7.440233991071415;
7.594812507788283;
7.573988341860727;
7.512874879774529;
7.529735015342967;
7.687537986124168;
7.614014117560678;
8.005299491037844;
7.972556114905221;
7.927133101733394;
7.818390119225895;
7.705616618923115;
7.710288885965774;
7.788012194949191;
7.761868301322259;
7.921623261179274;
7.772737137862764;
7.622445273323076;
7.677023735750162;
7.539672030374012;
7.5662485976788085;
7.640863624224264;
7.687799465124748;
7.682008364040705;
7.813518337678683;
7.755315203218466;
7.827556418266086;
7.7572555913279695;
7.789757785942688;
7.673316912854002;
7.611570418060207;
7.584353168719764;
7.680563923604865;
7.691603454718357;
7.591149086547933;
7.644193173213881;
7.6332249596726225;
7.584916699123158;
7.694846133804965;
7.742673281821042;
7.824424060583916;
7.720541950663599;
7.713702161058105;
7.776273486330564;
7.785715131865703;
7.811815221137151;
7.908809161407415;
8.08367875056193;
7.942960507119901;
7.777278004474982;
7.854427299551119;
7.944922174077453;
7.79998181943394;
7.868757491107193;
7.9881680603654;
8.123404540153079;
7.992830276210836;
8.016514916425347;
8.52203103640627;
8.558464743666626;
8.399720891175036;
8.555925536335875;
7.896347819561434;
7.876061643088925;
8.580681575119401;
8.051126174057002;
8.0313787880438;
8.016039659437888;
8.356719026345473;
8.180253695440795;
8.085877723640992;
7.768485860459725;
7.750006031334905;
7.872863401762183;
7.702859349991208;
7.844968785078854;
7.74070677731134;
7.786507879066593;
7.485836193945197;
7.474364574954247;
7.826952163823063;
7.630347717134929;
7.565894825470843;
7.801247673696105;
7.900222797908687;
7.701391951504682;
7.727432537096658;
7.871844100376923;
7.698703664716982;
7.898363184242399;
7.946101469720057;
7.880405901140491;
8.177467983079097;
7.883542259812322;
8.571140454618599;
8.048813925232723;
7.834771016281696;
7.8111955417195915;
7.659208645162313;
7.7231396467218065;
7.829030190131873;
7.76272734155731;
7.916141483437149;
7.892405130997729;
7.843008665212654;
7.743961385382222;
7.601530371289312;
7.640228794974489;
7.787400042348916;
7.887057242766858;
7.706795657342571;
7.684594325797371;
7.561904146208782;
7.666925497998041;
7.667542625424598;
7.657632357701186;
7.643957366054584;
7.737897703354636;
7.662155919598611;
7.427977479181677;
7.5663569093858545;
7.461813996792032;
7.668239638965128;
8.233212446160227;
7.783830769938139;
8.053969097070125;
7.808538531250387;
7.861900241686895;
7.846815940328521;
7.915375097133683;
7.9638265693624275;
7.978565491655249;
8.09373537887623;
7.76646042281478;
7.851323567443664;
7.676438484031705;
7.64087604617099;
7.676935756080308;
7.610276873816622;
7.604971469671127;
7.454775827219277;
7.3657069445807695;
7.322742560549922;
7.302375201512294;
7.633949774630788;
7.523998790617863;
7.497573643883848;
7.478580646300633;
7.29602612369394;
7.321349845743175;
7.302609916745731;
7.331115922131482;
7.038709460504707;
7.343563799233468;
7.3940650700749035;
7.3497724549476064;
7.333467266773487;
7.2766794499934875;
7.357759016145348;
7.360861883949415;
7.28364706510785;
7.3054200351767316;
7.305473680884571;
7.3429470192534945;
6.970768908194903;
7.124008297656056;
7.333121815181956;
7.269707472821533;
7.324964386532177;
7.5715162784229335;
7.378524648719979;
7.595358827794347;
7.906764001564351;
7.652731510860661;
7.672495359007375;
7.736281262377617;
7.625550354621216;
7.911850513828537;
7.799891811417828;
7.726336654460824;
7.684895493914642;
7.750412430573697;
7.664415832275998;
7.513303211931631;
7.480064271648918;
7.662792617889361;
7.503924447503779;
7.5192023559223315;
7.85670565250753;
7.812505640409085;
7.898522876929325;
7.7272710492238845;
7.794043681771385;
7.711043102472545;
7.429308090205298;
7.6299784014823855;
7.578690416909474;
7.748445618167667;
7.714170545135209;
7.923546789005955;
7.581499251020258;
7.53723140926205;
7.692005940697875;
7.645429256602146;
7.710276460019568;
7.605999890130212;
7.707181857442776;
7.54806967233668;
7.726491635000341;
7.67418330166451;
7.782382971682532;
7.685488590203677;
7.7452212053357865;
7.7433407189455705;
7.699610792413157;
7.692286243438011;
7.5185713701507835;
7.655672157504722;
7.7576786902707076;
7.61685826037105;
7.5744199409213575;
7.487480815618747;
7.69202153529301;
7.657999266352698;
7.489067490149736;
7.5514372994659125;
7.677819770335094;
7.589845161569004;
7.575053677569809;
7.608328014221969;
7.545575033309335;
7.591430750197944;
7.7026362345527755;
7.754826504197429;
7.625553738501161;
7.791947258837851;
7.8094780348834885;
8.138200505255533;
8.134397747023105;
7.984560577777331;
