1.5379081762537088;
2.1667978663951244;
2.3620408049088737;
2.4848857022227695;
2.573879407011793;
2.673776161626919;
2.8682232544150956;
2.8058573044892423;
2.957754513183537;
2.882599732861418;
2.6889441051774345;
2.5780750047486483;
2.693786738517805;
2.619317553085825;
2.821395088996378;
2.839990878741569;
3.051479930189212;
2.9347185078579585;
2.930420246782693;
3.0558932501796208;
3.0699176350882293;
3.0102587650548855;
3.271197924147849;
3.382540434360962;
3.3378510391405376;
3.3377891633927805;
3.6226398539457856;
3.7557737088787535;
3.808224776563863;
3.7955948616021034;
3.7304407245296196;
3.8186517298448206;
3.889577631166933;
3.834507087072975;
4.148792591424183;
4.181689476433562;
4.1104953376127;
4.063003565688114;
4.06036952056216;
4.1452863227204695;
4.239047798382165;
4.162715219590497;
4.076099656024983;
4.067687003276084;
4.184208912612808;
4.286070282372365;
4.234300832063624;
4.191441071174105;
4.218316848535252;
4.274319525094128;
4.377979896530918;
4.289791045219741;
4.485834418795363;
4.406568177250646;
4.389474332795395;
4.402126470086838;
4.525837630399161;
4.544151071196309;
4.573389805473804;
4.54960565785726;
4.502240950485462;
4.525110575731079;
4.72883657600962;
4.640618669116138;
4.455609005432664;
4.609881984180088;
4.710443136927288;
4.502223990797866;
4.50113734622866;
4.487362312410945;
4.634988838219542;
4.35722920053143;
4.46646934335083;
4.4886294228448245;
4.460043499935482;
4.4226512955103425;
4.472615971474567;
4.459398319502545;
4.415270912533148;
4.455970167128931;
4.404872992899472;
4.342538484212506;
4.354129708657175;
4.417021407171305;
4.4428247653356925;
4.388328868766605;
4.358668032183388;
4.422047384192388;
4.439883571855374;
4.5072586966678365;
4.531534076013855;
4.400190210471078;
4.4471950967101215;
4.332552951018683;
4.433699774812152;
4.44635980989763;
4.604304500001578;
4.66229592076232;
4.7543002277006154;
4.763473765150911;
4.612328542222574;
4.712536992931543;
4.746941258845871;
4.764547623266696;
4.675855838892456;
4.658637266508391;
4.768147160075424;
4.672576927103543;
4.8461483149394695;
4.585834198952009;
4.541338590552662;
4.5831492131520815;
4.582992372853097;
4.538371801271101;
4.636231477639927;
4.475098127735263;
4.5718473331837295;
4.646194925411838;
4.476674011313922;
4.585635859781856;
4.536201617764559;
4.610040898760966;
4.503616319531604;
4.492821718288968;
4.581547087364618;
4.654755700904256;
4.761637024312145;
4.672069241142548;
4.747510240013746;
4.969216620012164;
4.719899345594641;
4.979375560233917;
4.763664318100017;
4.470782441048495;
4.371639705358218;
4.38642093359841;
4.338156179187367;
4.458041003097589;
4.453491454545912;
4.261825290055605;
4.311298186928783;
4.376421966379987;
4.307338308282871;
4.433126098167802;
4.347674473788142;
4.241302733642615;
4.244382238914219;
4.436348979065733;
4.420664791701563;
4.46953643975781;
4.38983655236372;
4.250364099806389;
4.44352594060737;
4.4112027236033535;
4.360193919453185;
4.221031013312259;
4.16896129852238;
4.317362914542496;
4.138009304794819;
4.231190202241516;
4.209794079116814;
4.167765416149901;
4.3218216627248545;
4.315021311249127;
4.103515291856049;
4.109377224372383;
4.157583103207552;
4.187494935596504;
4.231640729379172;
4.351768395086407;
4.279898139489521;
4.206262472490966;
4.201954052554079;
4.284171072412372;
4.414979464933097;
4.44638333932777;
4.39254865807817;
4.435510146802821;
4.398200344042702;
4.393818999128203;
4.3802103001699715;
4.36434128329009;
4.636237203746216;
4.28347549554177;
4.392258779492673;
4.556406045886755;
4.38647218476838;
4.564614225216189;
4.615600201037198;
4.532356551789927;
4.6163964025994835;
4.655048333082805;
4.626769171527377;
4.497521793971725;
4.613461889367451;
4.508351967642576;
4.535487183986165;
4.612400564177862;
4.46177128485396;
4.490267793743671;
4.479395724113217;
4.414430231807023;
4.411137251072143;
4.343325799744518;
4.366614919607016;
4.567676537390883;
4.331563340786306;
4.328920936024986;
4.447718225661377;
4.470795778037577;
4.483935142056407;
4.615340943951328;
4.555454801697438;
4.534918197525445;
4.552018955274755;
4.599770381446003;
4.612727929068788;
4.806975322799738;
4.7164703901555844;
4.529804635114652;
4.480168530828221;
4.467570382400401;
4.5406720879968505;
4.630621603917226;
4.63193307883877;
4.622189176770798;
4.543062549921129;
4.646084916137356;
4.745763749676219;
4.707063414521677;
4.779822096151421;
4.982016169874951;
4.962587233303002;
4.735194342890573;
4.741095541614788;
4.717894435739631;
4.542844613942045;
4.607939950836174;
4.4355221503734015;
4.63022057464643;
4.667836375528107;
4.558678758468109;
4.701484362551931;
4.711127105830372;
4.624261812187324;
4.623427022705476;
4.676718693335959;
4.5514665009113955;
4.583070214873199;
4.590787828118211;
4.429282593197032;
4.523619743472887;
4.563067447030167;
4.495243648019176;
4.527554258937979;
4.414722805186319;
4.593902422613301;
4.320854590569367;
4.262313533912115;
4.3664529235496605;
4.303039477779321;
4.324800064878625;
4.339657845890725;
4.295833530125616;
4.157077229880143;
4.474134722279216;
4.5419682671460055;
4.3486092407651915;
4.393948815763453;
4.421945513484631;
4.454515136872639;
4.5474740740953985;
4.545256042298637;
4.431199530471823;
4.5129055639917635;
4.481434463064586;
4.457982727260531;
4.401227847855445;
4.417954443960418;
4.474352228290597;
4.425960520990558;
4.289108238379833;
4.361300180978789;
4.501839625922057;
4.212655956988573;
4.394799973409432;
4.374601181528638;
4.742854148516933;
4.505742618331051;
4.70721297453058;
4.6437346755771145;
4.542229547700494;
4.6056141273455555;
4.708498377502668;
4.593909577137072;
4.6873378611848135;
4.726606777346751;
4.815663454145767;
4.67991751090266;
4.859407726915633;
4.513945782653774;
4.461362401183082;
4.548325259310103;
4.70455541378085;
4.604912429102283;
4.512457920554483;
4.5954313988883095;
4.540416003346551;
4.543105183215703;
4.642365743707419;
4.5822220260584805;
4.554020507969017;
4.602472822961307;
4.5468115913840625;
4.488871724208369;
4.447835458212934;
4.405280758108873;
4.404293289114814;
4.4128816613391155;
4.3475862679385395;
4.42701868460252;
4.554410518936695;
4.736765394010223;
4.557538845248942;
4.660615277845316;
4.714609629823612;
4.627850589481347;
4.393932389369439;
4.41867738618008;
4.495095399588492;
4.568924678692615;
4.696236007874288;
4.458604264074688;
4.412367655416402;
4.564301991241082;
4.716349672300423;
4.653848065452246;
4.770800154255859;
4.81825434525297;
4.811706306411026;
4.86983251768407;
4.797742214982234;
4.8560252729307605;
4.915126176137444;
4.832990996671147;
4.735906425891988;
4.751377034468406;
4.684262274447032;
4.762250271686102;
4.813679912577058;
4.875496925903958;
4.656344683691454;
4.532564718303637;
4.559448847002342;
4.711484805261554;
4.641268099183332;
4.548439627586433;
4.558049489099866;
4.5871703229301595;
4.678132085837374;
4.581044745769298;
4.673602477301914;
4.581796592801517;
4.614207769208368;
4.431243043098102;
4.538310383396668;
4.656727150511585;
4.667586906256496;
4.592706716482034;
4.720905295985802;
4.657674899873396;
4.790217496152403;
4.693852062503787;
4.693790588096702;
4.721793366345791;
4.874700048911167;
4.642633241069937;
4.572794256935732;
4.613400976282401;
4.6585656131680535;
4.537988614950356;
4.581056224999139;
4.577013689251091;
4.4697725964298805;
4.522628145487281;
4.571672163207176;
4.640368009136339;
4.522360397064994;
4.498437789306752;
4.409189634921132;
4.5246686875709665;
4.6068686869291335;
4.60672267288672;
4.489003854090505;
4.534261175611442;
4.459529638060847;
4.526545570624954;
4.4876859548374215;
4.510211187933761;
4.464907692835945;
4.551111439190842;
4.377381269283621;
4.513436027306102;
4.574805623709216;
4.564729521295856;
4.503947674058348;
4.425545875890684;
4.498451714959398;
4.495391394096903;
4.5460059353978455;
4.5268240428586575;
4.53366643419008;
4.476956377308455;
4.4765076535905015;
4.405696008493132;
4.421663499306984;
4.416645556743833;
4.53280616737769;
4.461668535804505;
4.427232296295025;
4.402310587777969;
4.524040840795135;
4.469467178914244;
4.47563618735941;
4.357297903299229;
4.400519214872733;
4.48077910893991;
4.375892840051831;
4.559003413412738;
4.321287712808697;
4.455198947888621;
4.500484181403139;
4.474740727893267;
4.354002035366619;
4.365192615009583;
4.355870904437392;
4.18057107955633;
4.3054581155828515;
4.463120211330828;
4.503943268482042;
4.43821629092993;
4.542636848794087;
4.465814920951464;
4.404968440592842;
4.507680347792411;
4.352741400615576;
4.468947778286223;
4.491327727519039;
4.521466584153599;
4.394786187377627;
4.426593446446537;
4.540598009754163;
4.556635489182305;
4.517969932515058;
4.674361347992767;
4.552838987559555;
4.6409383746251445;
4.5976145904597585;
4.558554144377008;
4.58194893569891;
4.511803339298168;
4.5599560777614006;
4.477305899681732;
4.554250936690494;
4.522512177797079;
4.49506559092265;
4.420096578384891;
4.598675676582446;
4.508491649574417;
4.55003674423227;
4.596358982668972;
4.553997165517378;
4.548123120090484;
4.471334775563474;
4.585552296580577;
4.581068074361376;
4.552344070125154;
4.506917548532059;
4.468499187999651;
4.680253998088578;
4.625871416107808;
4.322045840119753;
4.4592996038212895;
4.608640869169009;
4.530256211819425;
4.431648515533942;
4.460537963701742;
4.435971371445271;
4.3085572007439366;
4.263634312400487;
4.457291283409148;
4.467069008569235;
4.38725038000471;
4.514235776908151;
4.33701517133326;
4.413065174365133;
4.399305048990065;
4.573745395500486;
4.660514068032666;
4.43792805850947;
4.418566824417388;
4.345163819927818;
4.262764241753645;
4.455078409957826;
4.465488647025385;
4.528821803502379;
4.494060416891494;
4.4086831218354146;
4.440282693668576;
4.652001504138913;
4.421120757528893;
4.446593035361277;
4.631590402714597;
4.49332532471037;
4.476054386667023;
4.615625206775473;
4.437599028177694;
4.546351747904936;
4.64957104228507;
4.823619869550255;
4.847906292839633;
4.6528210270900034;
4.584283617049771;
4.463764941808233;
4.684786439741891;
4.5765179467136985;
4.599512861360042;
4.540647837373829;
4.526845136351885;
4.5522932023529465;
4.411748669294013;
4.443386980463718;
4.3686259897334265;
4.384715250428042;
4.363288679243204;
4.399490175508217;
4.427611593933153;
4.469712532736918;
4.53664843207325;
4.572957294086447;
4.499302107328004;
4.608728816867245;
4.558575501836818;
4.583587970430133;
4.63451744666469;
4.485766047774058;
4.508866309482626;
4.433263044189529;
4.471248192900878;
4.440029756433169;
4.4388148176762146;
4.4230759256834995;
4.547869376420394;
4.621688903045477;
4.655150738027239;
4.58405937999112;
4.686676608047527;
4.500403964381471;
4.578352337701663;
4.547881449633364;
4.589454434835513;
4.616108333668151;
4.668258016063522;
4.5116473658097584;
4.346106525782539;
4.534177094667079;
4.525802064306058;
4.619752632540939;
4.6113472868373995;
4.679680414649612;
4.549647284088278;
4.568580883621795;
4.321072124650759;
4.593482317518013;
4.524382875411504;
4.5460744602051255;
4.484521725075994;
4.398860528294035;
4.508352205722594;
4.440580221941719;
4.477026450755783;
4.411764556123325;
4.488131507647763;
4.585794805873052;
4.519248583488249;
4.458715268580598;
4.515362509182465;
4.556611920480725;
4.488711300819045;
4.5328213030700075;
4.498619332997585;
4.486349409451602;
4.399138962143116;
4.399458466347485;
4.3989109318615816;
4.444137814550943;
4.322826299080424;
4.323908916813762;
4.336009991110112;
4.293915695477257;
4.227255384542781;
4.342803072730693;
4.32320481685532;
4.372240967794147;
4.502324258828981;
4.497996339974015;
4.367087570059098;
4.425253017622409;
4.461016830389251;
4.519431077479187;
4.431816173416584;
4.415582658668369;
4.461571551913115;
4.571015236546353;
4.606457537274347;
4.72138485321519;
4.68750355854162;
4.571013985095095;
4.5151402930120845;
4.521471903656591;
4.81402377098673;
4.811141302218521;
4.8110578800300985;
4.874840255634051;
4.71478828318739;
4.684860182872298;
4.692498619667682;
4.55080098557178;
4.488391455189878;
4.488715774903803;
4.529231645693969;
4.580061578434836;
4.576251428430247;
4.58625831820532;
4.389546849892734;
4.582516438851523;
4.69017740409402;
4.379287605675732;
4.394557688600321;
4.536797032335743;
4.6559314218546195;
4.645470659168333;
4.388316487218057;
4.186050373446141;
4.016756234556586;
4.121862186767874;
4.289500583590371;
4.322722999781615;
4.275037418824808;
4.459284772641675;
4.533071881948391;
4.595043102192264;
4.663995619824754;
4.6121353372966825;
4.42750093558737;
4.3890547684932315;
4.583928866487735;
4.646517131836767;
4.417579112657201;
4.621925766063584;
4.819051355146974;
4.529154398277098;
4.380025001626906;
4.342708445899658;
4.578619020543508;
4.564364559787186;
4.6867522725134325;
4.60128051228383;
4.7222845979114005;
4.632017430189416;
4.658670169022959;
4.568604223020107;
4.542619984935822;
4.616964348299701;
4.91939969158275;
4.872897015128305;
4.5597418420752405;
4.723447017011341;
4.719202811914382;
4.851953247400189;
4.913712371632173;
4.834899028275475;
4.690667920909257;
4.895452718961237;
4.855594395326705;
4.75995953462341;
4.7420563683792505;
4.681362280426685;
4.773897418596319;
4.802523422206929;
4.733143911395378;
4.8208289810632845;
4.754251198845898;
4.972953489163736;
5.0047117299709365;
4.953418863018295;
5.03997884332692;
5.051630512060977;
4.9906628102132755;
4.975486143701547;
5.057029606419539;
4.985744203046093;
5.050871104615277;
5.077564995419347;
5.14069621876693;
4.920095344971019;
4.895893860266052;
4.93645516993046;
4.953431110159071;
4.896924173705538;
4.949408698368122;
4.914210119153824;
4.944337854172875;
4.81730499294091;
4.788486886137167;
4.884045987708583;
4.876698624655774;
4.881914413681149;
4.907629686123871;
4.595577810025569;
4.80127950477974;
5.042814501174763;
5.290459965799842;
5.0275399466419275;
5.0134831200688135;
5.294789658606032;
5.287377738021935;
5.260605199574391;
5.18825299358359;
5.184398687590915;
5.2439085668072165;
5.129072151549766;
5.038240125231446;
5.093066346787632;
5.144981325131902;
4.989021779755294;
4.9135479823101935;
4.85177706967356;
5.083390584551105;
5.017849481040454;
4.975057452629898;
5.140590662884645;
5.282572201434614;
5.281720694741404;
5.110502250868643;
4.907605257567122;
5.001712920017557;
4.947407407556463;
4.997612450214207;
5.04849510358505;
5.1132291528038;
4.887705568812783;
4.838071578826002;
5.10175924135741;
5.219306997242356;
5.174387452550384;
5.131825082384096;
5.099780513429843;
5.150345926985248;
5.2071934655072;
5.146822210402158;
4.921654083526413;
4.96985974501256;
4.991637280411938;
5.0696006891884675;
5.234347363180363;
5.240412546612829;
5.277259131635485;
5.210566138313712;
5.008139730681604;
5.062565978796915;
5.1463585287494205;
5.118706253492575;
4.832019687845021;
4.815101438293024;
4.833774289718984;
4.7012775021939905;
4.604384351708508;
4.685274722210605;
4.878121648095833;
4.7917582383199395;
4.735516523729137;
4.703359712842097;
4.991220690106033;
5.133537794505968;
5.096682901833071;
5.072654477603269;
4.92501356366581;
5.241965876936016;
4.918834687596613;
4.8856779823434024;
5.245447700164147;
5.220814920895679;
5.2003397595765835;
5.283569076657016;
5.04153516202835;
5.273362180453764;
5.38881856720017;
5.33830819674666;
5.2267091719889125;
5.552857492041873;
5.559165084700131;
5.516197420519453;
5.475609467316538;
5.496874735584383;
5.514495524869709;
5.4896584450394315;
5.590016227393958;
5.481053988303446;
5.558038903511494;
5.424332561855535;
5.466362943740931;
5.508711883032382;
5.434189143734356;
5.528039227563556;
5.432808428748464;
5.613649634493641;
5.70856760623049;
5.584120219066301;
5.551719449888638;
5.519977741178452;
5.5661828780916505;
5.5437019387607585;
5.4221120503916;
5.591796927682675;
5.647409214218548;
5.5113267271204185;
5.591156550820366;
5.588017628223886;
5.490295868652656;
5.476317019601752;
5.416518618404699;
5.282623013813044;
5.3606267000925305;
5.344133007307042;
5.40703104872334;
5.33708560646748;
5.431789904167457;
5.417087396855022;
5.20225436013796;
5.2645872555613025;
5.345072417459352;
5.25948292876701;
5.208955974096005;
5.299848300851017;
5.584014545787618;
5.614906882928881;
5.475174892506404;
5.57979551501289;
5.45542068050402;
5.349935937074461;
5.644608127913006;
5.606378607343567;
5.629503594990154;
5.5868994394856495;
5.410753855438749;
5.50650742953162;
5.624624035140529;
5.535072736111303;
5.534535679918235;
5.461521385085346;
5.490326442045988;
5.629710261201532;
5.543702070089815;
5.448003174018579;
5.463435295842581;
5.562957610363576;
5.482643870828266;
5.664319715244511;
5.626737321631362;
5.525940026593467;
5.581811055428383;
5.525332303068281;
5.542280881253246;
5.489839467496456;
5.56667322832118;
5.654989745238188;
5.627556694994891;
5.538836581347703;
5.688277566508702;
5.745329971051267;
5.747723551237868;
5.678153626611494;
5.708962339006284;
5.711378183103492;
5.716154382789335;
5.6453743320200385;
5.671927535658577;
5.57609547120996;
5.582785946619705;
5.7170886879941545;
5.689635082260049;
5.645945104739546;
5.5343232650959395;
5.303863349589061;
5.4948059802626235;
5.643270311361114;
5.558192172482446;
5.557362169055689;
5.600271826202992;
5.57437730330319;
5.521713993089676;
5.484291515758074;
5.511767770191239;
5.617770775578041;
5.598744727985933;
5.520117353657491;
5.645948683791201;
5.6797597666283615;
5.481290878227361;
5.615651857635716;
5.431110655468698;
5.28491589760775;
5.385979964393581;
5.288933782889332;
5.207591706922871;
5.116019702779068;
5.133692333724261;
5.0145247341783765;
5.142093902067072;
5.105047062165036;
5.062662621603478;
5.097882128214958;
5.122012516362357;
5.0131303631643895;
4.939961813799497;
5.069819174033833;
5.053970737790971;
5.063409965776648;
5.073985693507064;
5.026621699830798;
5.049770725919346;
5.095410886225492;
5.022140493035698;
5.030190901105172;
5.0295333221444;
5.038432975744006;
5.12482604236874;
5.03276364581471;
4.950212298760242;
4.947424174888824;
4.896052521710083;
4.979733481800337;
4.980047150575962;
4.810976550616594;
5.048325582172157;
5.167254574897651;
5.276650138677056;
5.1147680625785465;
5.2838353473299025;
5.250061505385835;
5.240133758896508;
5.28080189963832;
5.3187721129869745;
5.178781918316193;
5.10935759189922;
5.1072583456203935;
5.095824486898211;
5.300427136129688;
5.204540949962628;
5.1166387070552535;
5.036842075548351;
5.075730274219929;
5.154119606601659;
5.170222170097898;
5.307729119079559;
5.360010290637531;
5.330537221897241;
5.316388340308422;
5.150014484762447;
5.1361868411981035;
5.2585160237316515;
5.29876095547859;
5.367294163096921;
5.467480753437049;
5.3759330990868195;
5.287768317281771;
5.257932385212631;
5.2807489632747915;
5.315872351655303;
5.282066998010524;
5.369097223357798;
5.377922644540483;
5.460332634992531;
5.335471736656087;
5.25336069081626;
5.116559367835659;
5.163927840703475;
5.1293579578481205;
5.236138931167322;
5.255013069731664;
5.324639285775254;
5.271002808064683;
5.332672308533996;
5.4064745597963855;
5.316811700831438;
5.210308590006786;
5.288239897942761;
5.332382979984934;
5.097868268948185;
