29.904870643537443;
29.83443064135957;
30.157775596621175;
30.096142684408;
30.61640404919459;
30.45375103551681;
29.718418635759484;
30.472608047191223;
29.843893533599847;
30.73088389251984;
30.459231353049105;
30.598420793617954;
30.674647840829067;
30.640172438953154;
30.407015154270116;
30.47138435135401;
30.43732510285824;
30.486339708833988;
30.685725543798572;
30.708119056277493;
30.92786894828569;
30.858721912992845;
31.006374583577067;
30.627840773533098;
30.65756578067216;
30.444778602873125;
31.013558505298338;
30.746835294813845;
30.728895214851423;
30.432830405429616;
30.926586726277453;
30.9564836155742;
30.862394053450416;
31.126759316210027;
30.720465211794693;
31.008852928207375;
30.99804222934967;
30.885619298367374;
30.931776452493434;
31.11855712532974;
31.0810818361828;
31.138876013997116;
31.202731772373433;
30.852911333946807;
30.839424709863277;
30.894662058885558;
30.79349189351389;
30.8619380959261;
30.79353726567496;
31.00264860414373;
31.21596974835576;
31.105146598953883;
72.46169927078657;
41.33395984141936;
31.264598487014663;
31.69859909362377;
51.66612138065993;
31.807844484295074;
31.733252202746943;
31.88025068646539;
31.83264683841091;
32.14384681031204;
56.35444741371412;
51.13212035332206;
58.24116238827294;
64.37105374928518;
54.118568605688246;
32.590458089499464;
33.43148426754234;
32.372774058711194;
33.11858834149483;
33.08575559454998;
32.05283529012643;
32.49446355594297;
32.61734052467549;
32.16496171501558;
32.30707223710757;
31.997833603855508;
31.471513705699074;
32.227190852811844;
31.88196477246959;
31.857619954855853;
32.068524172511275;
31.56906802193771;
31.93015839820351;
31.964466018006124;
31.90524330231586;
31.77666314489519;
31.953130654062768;
32.060794410948425;
32.2374477012136;
32.26591587011387;
32.5048774285413;
32.57291220305754;
32.917938907573685;
32.47565444635262;
32.47627373130133;
32.889724675484864;
32.84013758962315;
32.58093578300197;
32.45498097373485;
32.36297097670008;
30.788795615747418;
60.65500105417223;
32.5824989659823;
82.8059882927831;
32.47076993775668;
32.59630121299386;
41.798981338723245;
32.71016013093354;
32.51590283128165;
32.30873618343732;
32.201395997690284;
80.61708054163576;
76.46693840041601;
32.14869856137629;
61.67295520270232;
31.806893299547166;
31.6653226933082;
31.48933250975804;
31.58508914696134;
31.5428836037584;
31.45518645200509;
31.640548685432478;
31.685622496147047;
31.26133558913825;
31.176228771816362;
31.727278082711138;
31.8365667078014;
32.14266893976262;
31.89483467659395;
31.8524310498423;
31.887119055260786;
31.863634144253396;
32.040577691317715;
32.2102465166059;
32.131730768750806;
31.863575371158266;
31.81422164750253;
31.52453235786461;
32.016355046585964;
31.52562269861551;
31.307778605916706;
31.646401552713925;
31.93667749871548;
32.25668702323696;
32.3463114291459;
31.99980924456062;
32.00667387206103;
32.309042050801324;
32.40202195930765;
32.25221538989367;
32.38048887932351;
32.35102180228336;
32.52034661102115;
32.04540797540671;
32.36760470931455;
32.41579259227097;
32.36665394797032;
32.579997273477524;
32.47610351493944;
32.110363521992056;
32.34041836981891;
32.382219017182614;
32.46924221748169;
32.38361954848006;
32.331397275532424;
32.451827604608596;
32.45319427367812;
32.59079732720218;
32.28924575090544;
32.57264012214459;
32.57110745908953;
32.7118813557238;
32.51766950685048;
32.393607367317784;
32.33955763479673;
32.08180400851357;
32.46757486541357;
32.37894453488185;
32.52380297067536;
32.63004164683804;
32.56905572881919;
32.34121049310573;
32.30692231345882;
32.30333072506054;
32.484266635569;
32.34832005650696;
32.41508504245976;
32.30921261641431;
32.41112851267522;
32.046315622050194;
32.392250347874686;
32.385530998091625;
32.42701919331355;
32.510454224425736;
32.406546123588264;
32.43846425373323;
32.43590152625064;
32.406799666948444;
32.46822579313688;
32.183490582556345;
32.24140477293093;
32.47600416727605;
32.52249803814967;
32.61232604810696;
32.44803707530248;
32.49473464097425;
32.51629506049278;
32.356747963349044;
32.420359903876104;
32.0633174401596;
32.28269128306919;
32.32535944588532;
32.47316401146065;
32.34390508506313;
32.21399566521035;
32.389224435931865;
32.32537631850252;
32.14925458563814;
31.89481992916811;
32.08781647564672;
32.295966978630105;
32.219415397500335;
32.362552245300485;
32.227154342300764;
32.40643760059761;
32.275964001038034;
32.170739212444325;
32.21652975554938;
32.16140137222101;
32.08248135643191;
32.00504162470935;
31.93742955997982;
32.05574731495024;
32.05963950076992;
32.173759260101356;
32.292043069921625;
32.47940883077862;
32.54662796907375;
32.59341116369288;
32.56959602672104;
31.623374743190276;
33.269802185845336;
33.40856086424523;
33.2469234913268;
32.597655929604144;
32.84493188219762;
34.5124926330584;
32.5227067150614;
32.657616492975464;
32.972149303432325;
32.89727172908548;
32.23577187206071;
51.08395173182523;
33.739180814527366;
32.00419772692822;
32.69716478504111;
32.37364324611715;
32.661967961813964;
32.72876157269899;
32.91250903354783;
32.70788671303576;
32.82465216573281;
32.544686359211845;
32.78539003121201;
32.846628516962596;
32.94029691215721;
33.19823285336875;
32.60113612895477;
32.47442563360961;
32.1515633284394;
32.519170296631714;
32.728525112861995;
32.66651757945509;
32.52803092212648;
32.7460107115531;
32.650458592907036;
32.54035181085528;
32.656905343021336;
32.73644585416742;
32.7355404059132;
32.8710135500746;
32.88422238535054;
33.266418521987944;
33.32959491893967;
33.09073200925865;
32.948639853134495;
33.13394793241243;
33.321091819252736;
33.33311982513288;
33.275128191161095;
33.43973910597099;
33.22166337238552;
33.37901561489099;
33.648371264283185;
33.06318823171518;
33.26270363560806;
33.16549663934402;
32.84060112743018;
32.96837886808086;
33.28062385040031;
33.33091612791329;
33.01587543864799;
33.21268607339209;
33.34762133447994;
33.603939424813575;
33.31230745079501;
33.466690357478335;
33.357836397871274;
33.41513275402145;
33.53127338777291;
33.49039304372607;
33.61446174888726;
33.34738581306185;
33.34251868074023;
33.12650651329775;
33.18085249553192;
33.127677497530314;
32.98119881999464;
33.161556522275;
33.068771154848974;
33.09374269053861;
32.976400426053026;
33.13515121347721;
33.04853541073023;
33.14417171957363;
33.23251122743468;
33.473076986986406;
33.05497517910472;
33.0059269620541;
33.067500547079796;
33.43752040863879;
33.19317306257508;
33.167777851402775;
33.37370009665626;
33.22822565360744;
33.29950671708773;
33.08005831458832;
33.13274716504457;
33.116929785006576;
33.16434277160854;
33.02167614544117;
33.42611513465742;
33.295498161398896;
33.59714685515185;
33.23673890226914;
33.39898446799208;
33.24353855886799;
33.597398765125575;
33.34075168945923;
33.530185048251745;
33.32901268455512;
33.246624888332676;
33.13544991305581;
33.496831871560865;
33.50871274011996;
33.808453827898894;
33.95636032913591;
33.745269091674096;
33.67973379096108;
33.57065113256837;
33.42292028226507;
33.41175209259266;
33.34945598853831;
33.35856388096331;
33.31268357419073;
33.62428864016449;
33.58800110253607;
33.69765096889311;
33.63026582347965;
33.77898486914297;
33.75356277190667;
33.71143821690172;
33.816339783499416;
33.79052698521298;
33.69700509208982;
33.66209260986763;
33.511899462813474;
33.68325323439863;
37.17747479110794;
33.684571561891666;
33.714612368367796;
33.64302480767065;
33.632505357083815;
33.52422558322584;
33.60306901265235;
33.780200503021476;
33.91322144682617;
34.11150005354926;
34.260421448221905;
34.22516684627017;
34.027969412834416;
34.01337991857378;
34.086086957012164;
34.32361306094337;
34.371404076203156;
34.24285203352244;
34.12968903495319;
34.27296376196625;
34.3817076473427;
34.334234219356254;
34.39786727341125;
34.399237652631804;
33.79716466911299;
33.84769701967135;
34.147108196654386;
34.221007595493546;
33.90254080088832;
34.252306471488765;
34.183851517156896;
34.19070740011759;
33.862214046122105;
33.985633950374016;
33.79494918006145;
34.00097550736089;
33.41768396809127;
33.643340230581515;
48.03692072142437;
33.62224500684077;
33.386275352492966;
33.62851649442626;
33.31619808130082;
33.633103716355954;
33.284791805995894;
33.6132682601603;
33.51552767278094;
33.87750312244584;
33.53075944666817;
33.59075111031229;
33.64600001727995;
33.62757104393387;
33.61326893799145;
33.440295522887524;
33.1886969394756;
33.665071439366756;
33.646232221285125;
33.62954104621762;
33.72270215109247;
33.64824857977932;
33.555571150417855;
33.78058857959651;
33.769867971654826;
33.807599627193696;
33.78175184781324;
33.8724938344243;
33.6760436269764;
33.54747771070893;
33.931879264204845;
33.990023557851664;
33.745703432195164;
33.91624354957904;
33.929139348546116;
34.152830783583966;
33.72220032712014;
33.754882881627125;
33.98830963289242;
33.96216688366437;
34.14123021793588;
34.160498807365336;
33.92629602156218;
33.876897348142826;
33.898964669133534;
33.89711489700522;
33.79863731677204;
34.12390831418732;
34.053403996674646;
33.870702790251805;
33.886572645615324;
33.89088433142704;
34.19675707669339;
33.98884943593029;
34.09642492827293;
33.68849115626612;
33.82043514737478;
33.83373217929163;
33.92430197815197;
33.96027580288243;
33.84589826024779;
33.72806085293949;
34.08990082623914;
33.8583818529571;
33.972936338738116;
34.18116182696951;
34.391397190483914;
34.298002872492134;
34.33120804165143;
34.35670605768735;
34.54525920887078;
34.41255184819919;
34.32833704843407;
34.359468025618426;
34.80184172604221;
34.63720668239155;
34.39707473369066;
34.303150713872995;
34.30699791637359;
34.09443472605728;
34.22272092603921;
34.25873609663894;
33.87948293156193;
33.99948977735838;
33.87735972442336;
33.874005258795066;
33.86430004565885;
33.964897537052764;
34.05873086886397;
33.98736758831269;
34.087335958466866;
33.976600731094955;
44.42447106876929;
33.83646311736697;
33.89571256310607;
34.1041752858331;
34.02036459294854;
33.87124144916436;
33.837209866910825;
33.79181347827381;
34.02472940190971;
33.88149990740086;
34.08735247057952;
33.73930426908185;
47.38005310591083;
44.567116642469465;
62.91614965069819;
33.936647648278054;
33.999980514270625;
34.101246686440255;
34.08796757786085;
34.17387672024267;
34.24355720106333;
66.47825278733009;
72.21215849837117;
34.65364532478445;
46.12650270613834;
48.76651286237804;
72.60317871708668;
42.34788095732043;
34.65987988465053;
74.22968362658743;
34.86689900305012;
35.00668460953397;
34.938095125105036;
35.0138451888016;
35.011409189121146;
35.00377345009;
35.112209547785994;
35.21176557609869;
35.227320950498104;
35.23948192950539;
35.18195027099693;
35.230655187317204;
35.13925191385895;
35.09474424943472;
34.98108639445227;
35.05734771994733;
35.136148035446645;
35.04228470516351;
35.11723791545086;
35.21742597752736;
35.137485504424795;
35.01821394247784;
35.1642909837704;
35.15061515696503;
35.21870099406785;
35.157228844435;
35.30095391618671;
35.21964663452509;
35.24031035569441;
35.314279388196255;
35.434957289908155;
35.38218945169137;
35.11206290790436;
35.15720575937781;
35.34710701408932;
35.32648548069326;
35.385954875143305;
35.36399241522705;
35.53867041615368;
35.445763496105236;
35.41545118728814;
35.244261140764756;
35.29981429008485;
35.38102110216088;
35.24304553836147;
35.35686963408566;
35.17923117266142;
35.064720588912;
35.10772888763897;
35.18846417251335;
35.187412148509594;
35.03787097338877;
34.95946388352579;
34.85213375918482;
35.013306248395814;
35.01133701991088;
35.33405714889996;
35.273671230994125;
35.34803879795358;
35.39143885326751;
35.31101644093157;
35.035972096395625;
35.18976268900351;
35.21593626732375;
35.0861727892736;
35.17061862265106;
35.19109622970319;
35.16759723713332;
35.18070406299558;
35.14955742256357;
35.20074191289852;
35.14601035306317;
35.208763860000744;
35.030835832460774;
35.06000491152327;
35.27422144733503;
35.253725876416034;
35.09659520249888;
35.04308564645567;
34.99130155609419;
34.9273792406673;
35.11544220301745;
35.02480011046297;
35.18390971109248;
35.265301550837485;
35.12780821472807;
35.12825812674355;
35.18140364406704;
35.14645689510886;
35.18554913085821;
35.219474212328265;
35.25924367642896;
35.156958030265514;
34.909470030993916;
35.15422548489968;
35.05205972174522;
35.06836984631109;
35.051737400267285;
35.30640795610082;
35.24994941231923;
35.35501448347508;
35.487565179716626;
35.405050135447325;
35.3327384177274;
35.44808827982348;
35.28887382049441;
35.31697220533911;
35.408087508163504;
35.41884795320148;
35.430179069926275;
35.27415415034607;
35.39710481166503;
35.28095249184841;
35.26939915034801;
35.226948500865475;
35.23196599175811;
35.21332780064044;
35.48911765984827;
35.52812860968876;
35.476243653115056;
35.518644381080804;
35.609219515554365;
35.36848379058849;
35.45891862649938;
35.52080960003163;
35.18350813830465;
35.03451736343467;
35.322868923412074;
35.37579919413968;
35.387414139306536;
35.45901725145574;
35.590173988954305;
35.40374054714202;
35.43447404440639;
35.35728298628478;
34.86607121930095;
35.013279526497335;
35.09426364552125;
35.01642223836284;
35.08791799329805;
35.24580387963813;
35.28169572744251;
35.12018096539095;
35.318278159040574;
35.47941489758376;
35.22241070199678;
35.51028249870075;
35.559916199617966;
35.46478046845744;
35.52486442913621;
35.62159839883541;
35.36682984581987;
35.032050653272734;
35.513433519433406;
35.55482338088336;
35.354976328683584;
35.56267556484651;
35.564339000673705;
35.71434106538259;
35.71834972016022;
35.67646681340777;
35.7864582695022;
35.84998009842868;
35.7600364716031;
35.604777202550494;
35.69590154845665;
35.75624439317594;
35.670871998217045;
35.69266584193879;
35.67325890227466;
35.71998887409043;
35.68909851651987;
35.74105630286919;
35.82246197141015;
35.613023761872604;
35.6619663502022;
35.49553525359917;
35.6202446911704;
35.58271684935195;
35.53196660929399;
35.41409088308798;
35.47625712326061;
32.41036388373399;
35.43834654201353;
35.41477831120591;
35.443507772315186;
35.41464525694275;
35.46191981969432;
35.33225054043589;
35.289183728285494;
35.53062442464038;
35.453133009807786;
35.596475705369414;
35.27404832570334;
35.57481162574622;
35.32495322950183;
35.526280853424836;
35.77339166478684;
36.1513044243987;
35.939330626461086;
36.065317011304884;
36.20895583098705;
36.02079725083604;
36.07415373073989;
36.00700766000161;
35.90084979598968;
36.05841153919331;
35.99615651247586;
36.00911114888402;
35.67725543429508;
35.85546991896274;
35.94447023311352;
35.987498716390846;
35.90661372301926;
35.60141961578304;
35.61513903965082;
35.740300073311225;
35.59302169606186;
35.62997262863118;
35.61330706767774;
35.46655985938907;
35.48497646094439;
35.257146069559184;
35.4477067422329;
35.465071105272976;
35.447722703640025;
35.607132186103286;
35.49354327905152;
35.449543739890075;
35.493603557767926;
35.347751942942764;
35.17823046927711;
35.464527997567686;
35.70597018744714;
35.64493884492881;
35.536354537364836;
35.213667754581536;
35.43900607710271;
35.69755746099909;
35.80395784454251;
35.657456298895944;
35.6561735177824;
35.55880582817505;
35.61399087937239;
35.611887644735035;
35.67948971942166;
35.63377922446264;
35.66760192847556;
35.64120660928146;
35.539984645268504;
35.8400761021562;
35.95768660085178;
35.67808181413122;
35.73393071672836;
37.623416449116185;
37.55165953468522;
35.813647692029996;
35.714497370266415;
35.69684359434133;
35.600244000275715;
35.6810747795171;
35.4678713749461;
35.49556681592899;
35.539254100067815;
35.521774586087076;
35.354060175932105;
35.45118320246752;
35.39768636381097;
35.58069684344392;
35.63624300933768;
35.72207055632479;
35.61586383246862;
36.57137059176791;
35.62551350572641;
35.573568721939445;
37.34242636907066;
37.44028092678699;
35.66443941195114;
35.62617871283689;
35.51239197418319;
35.54396479742746;
35.48543688612524;
35.535896518517745;
37.242549128265495;
35.555628844506664;
37.29712041857927;
35.506051024199785;
37.273576634531544;
35.4156676640935;
35.43694843792696;
35.36893932502489;
36.833334653573125;
37.00610585561448;
35.315068797111934;
35.29366561487141;
35.29996568106864;
35.14850596018651;
35.2542453976962;
36.91763658887988;
35.38777467938235;
35.41964348433262;
35.27070354267505;
37.11950332143457;
35.48106148541635;
35.5339089338892;
35.344740174615865;
35.389246220918636;
36.934355572989126;
35.22391369544065;
35.29329663286137;
35.28659891328514;
35.48332529766663;
35.625546218724594;
35.691768232668096;
35.847287289648534;
35.83967649245489;
35.88716565445695;
35.76291581745156;
35.88360668512865;
35.78519501132512;
35.67867645988641;
35.694954641701365;
35.66263195803926;
35.81577548764023;
35.76696680005254;
35.70765811713256;
35.706493445137696;
35.69244137999839;
35.67999907902312;
35.6068746251549;
35.63059188361853;
35.688523563123276;
32.116182315881915;
32.21219038203813;
31.99639636771997;
35.363148132690014;
35.2135118701195;
35.3841423691693;
35.3457607219187;
35.40071492228564;
35.24105347148149;
35.3936903738254;
37.96079487816674;
35.31324263825844;
35.23118064009931;
35.14131529651671;
35.43208070934424;
35.537299760928214;
35.39076005223396;
35.361266144690994;
35.46410467342328;
35.292008315958604;
35.53079946125446;
35.61941333164123;
35.450665948505815;
35.448964254112006;
35.46711223122005;
35.749152869851066;
35.41012820228476;
35.36402743380661;
35.2945707656218;
35.375914137634304;
35.41853567061494;
35.276724614244586;
35.13248326493451;
35.33013124936713;
35.39389552430858;
35.408492331394626;
35.3964556406946;
35.45531135631094;
35.228970213498705;
35.33803153321814;
35.26666080548493;
35.23206608606034;
35.060752274027315;
35.21220202780838;
35.383397782684796;
35.3565866563234;
38.25558845673531;
35.263641079574555;
35.226752749047485;
35.086230491300974;
35.19182325773167;
35.41844844645556;
35.28574061460917;
35.34011203770196;
35.24860611650854;
35.1977698573071;
35.171672381588785;
35.254044615748505;
35.233406842120935;
35.31837116556412;
32.40928117456068;
33.99213193310041;
35.490478071753195;
35.463338593783;
35.489015124848834;
35.28316097133391;
35.24688106613495;
35.31997146956609;
35.31939039948971;
35.25068433999129;
31.985599862710483;
35.65046311071638;
35.61870927342373;
35.680714555593475;
35.742456284896434;
35.230896712383505;
32.590028604711364;
35.62175784642463;
35.69855320284948;
35.77104359215789;
35.74903404086122;
35.52084620994289;
35.71858541283835;
35.7972496455089;
35.720508371171256;
35.79333780337677;
35.862839156579156;
32.263469982424624;
35.499762661201686;
35.50265052446071;
35.75374994817558;
35.79153555373905;
35.42536342736195;
35.546253335757434;
35.56949745062272;
34.94217045771699;
34.88168879706338;
35.249538706105426;
35.62878092948975;
35.640614749149194;
35.541201495253915;
35.731877094336255;
35.80933034439056;
35.63940475292162;
35.63883265783579;
35.71538515713341;
36.01207955381977;
35.98991644207177;
35.67497125546047;
32.733748155479724;
35.6478941050432;
35.785842398439996;
32.343683060497696;
32.43571923777536;
35.946565723581806;
35.80583631413302;
32.19109262930084;
35.75390433680126;
35.64740275178872;
35.620472350547345;
35.68407855076797;
35.400520118854196;
35.54921470009144;
35.630539987165086;
35.62129668252443;
35.38533738300541;
35.53118875644384;
35.60010644030377;
