73
38 30 10
39 27 15
45 30 16
46 27 21
52 25 23
54 19 21
59 16 22
62 16 16
61 22 15
62 24 21
60 29 21
54 30 19
51 31 14
49 37 14
55 39 13
60 37 10
64 32 12
70 32 13
71 29 8
67 33 4
70 38 7
76 37 6
74 36 0
71 42 0
71 46 5
66 48 3
61 45 1
55 44 3
52 39 5
48 38 1
52 36 -3
56 34 1
54 28 0
51 27 5
47 22 3
44 18 5
44 12 6
39 8 5
39 6 11
38 12 13
44 14 14
47 19 11
53 19 10
56 23 6
58 20 0
64 21 0
65 18 6
61 14 5
63 12 0
68 12 3
66 8 7
63 5 2
69 3 0
70 1 5
65 -2 7
59 -3 5
56 -2 11
53 3 13
56 3 19
51 5 22
48 -1 21
52 -5 18
48 -4 13
49 -3 7
49 2 5
46 5 0
45 11 -1
39 13 -1
39 19 -2
42 24 -1
42 27 5
42 32 7
42 35 13
64
44 1 109
46 3 114
51 1 118
53 3 123
59 6 121
57 8 116
52 10 118
55 13 123
59 15 118
54 17 115
52 21 119
58 23 119
57 24 113
51 26 114
53 30 119
58 32 115
53 34 111
50 37 116
55 41 117
54 43 111
48 44 113
50 47 118
54 51 115
50 52 111
46 54 115
51 58 117
52 60 111
46 61 109
46 67 110
51 68 106
50 63 102
44 66 101
46 71 100
49 69 96
55 68 99
56 62 98
62 63 98
62 65 103
58 61 106
61 56 104
65 57 108
61 55 112
60 50 109
66 49 109
68 49 115
63 45 115
65 41 111
71 41 114
68 40 119
65 35 117
70 33 114
74 33 119
69 30 121
69 26 116
75 25 118
74 23 123
71 18 120
75 18 115
76 12 117
72 9 120
69 7 115
75 5 114
80 3 116
86 1 115
