73
31 29 47
35 33 50
39 29 51
43 33 54
46 33 59
43 30 64
42 34 69
42 29 73
46 25 70
51 29 68
50 26 62
47 27 57
41 24 55
44 20 51
47 17 56
46 16 62
50 17 67
54 12 69
50 9 73
46 8 68
50 7 64
52 3 68
46 1 68
47 -1 62
43 4 60
43 7 55
42 13 54
38 12 49
33 15 48
30 9 50
34 7 54
35 13 57
30 16 60
31 22 59
28 27 60
29 33 59
25 38 61
23 43 60
25 45 65
31 45 62
34 40 63
35 34 61
34 29 65
35 23 65
29 21 67
31 16 71
35 20 74
30 24 74
26 21 76
29 20 81
30 26 82
24 27 82
23 24 87
26 28 91
27 33 88
24 37 84
28 40 81
32 41 76
38 39 78
40 45 76
36 49 75
32 48 80
27 48 76
23 43 77
23 38 74
19 33 73
19 27 72
16 28 66
19 29 61
19 34 57
22 31 53
28 28 52
31 25 48
92
58 -15 74
56 -12 79
52 -7 77
50 -4 82
56 -3 84
57 0 78
52 3 78
53 5 84
59 7 82
56 10 78
52 12 81
56 14 85
60 16 81
55 20 80
54 21 86
60 23 87
60 27 82
55 30 84
57 30 90
62 32 89
60 37 85
57 39 90
62 38 94
65 42 90
60 46 90
59 46 96
65 46 99
68 50 95
64 54 96
64 52 102
70 54 102
69 59 99
64 61 102
63 58 107
57 57 107
55 53 111
50 50 108
54 49 103
59 47 107
54 43 109
53 41 103
59 40 103
58 36 108
53 33 106
55 32 101
60 29 104
56 26 107
53 24 102
59 23 99
60 19 104
54 16 103
54 16 97
59 12 98
57 9 102
52 8 98
57 6 94
59 2 97
53 0 99
53 -3 93
47 -4 93
43 -3 89
40 1 93
46 4 94
44 6 88
38 8 90
41 11 95
46 13 92
42 16 88
39 19 93
45 22 93
46 23 87
40 26 87
41 29 93
46 32 91
44 35 86
40 37 91
45 39 94
48 42 89
43 46 88
43 47 94
49 48 94
49 52 89
44 55 92
47 55 97
52 57 93
49 62 92
48 64 98
54 63 99
57 65 94
56 71 96
58 74 101
57 80 103
