2.940297561466547;
3.5416859654164115;
3.8168947822014023;
3.834458018019194;
3.766901342781084;
3.232493150346675;
3.066577996381786;
3.2607860719825905;
3.1912357946877963;
3.6532907727255077;
3.818843229569531;
3.6478556982983026;
3.5711876342921256;
3.7793619385161445;
4.157044807656977;
4.518883394549878;
3.7346416623066996;
3.7494043417155596;
3.37869739837557;
3.5299015160118845;
3.154072845977166;
3.539638909428002;
3.8571529615325986;
3.803154345512185;
3.712047980684699;
4.251376189913143;
4.212721816378433;
3.9626623306425923;
4.3368489922009585;
4.260541554967152;
4.190298380360374;
4.269606549798634;
4.3679733990848275;
4.6154740968851815;
4.653641397762299;
4.68198871848455;
4.558937248026806;
4.465426160952135;
4.534916976368769;
4.695278564223827;
4.707906580204378;
4.681222148960844;
4.726884411140052;
4.620095147111063;
4.638739992744797;
5.01978946265765;
4.809904196183571;
4.895885967095934;
4.852366440074978;
4.8112308755465545;
4.848770167826742;
4.713035315669305;
4.772251154654601;
4.838411866496119;
4.9561348902728435;
4.728819895508781;
4.539747568324677;
4.78006741185002;
4.970830929340879;
5.041793440259208;
5.055800070268261;
5.008317265658057;
5.010455809717845;
5.120513943237756;
5.051449615307927;
5.133975248083564;
5.197368004454975;
5.135391688818426;
4.711648529320546;
5.205644916108118;
4.969579088230322;
5.058190740822932;
5.2124153476852575;
5.313578175649164;
5.036875004864076;
5.1446014237229525;
5.16120485707501;
5.059645594079158;
4.98251529689996;
5.022304160747907;
5.2273094844078525;
5.279383057104866;
5.111824670523743;
5.137156683871288;
5.124151917635233;
5.132978891669911;
5.204081781758633;
5.139425186176984;
5.1957178337293515;
5.274764325029715;
5.266358785648669;
5.162992005494027;
5.222913999159982;
5.173901910241486;
5.075599116314865;
5.120274250720318;
5.077544591569493;
5.160683081986046;
5.04623664381861;
5.2511491504240935;
5.138774950183071;
5.116621601521597;
5.107154672876151;
5.183363499432364;
5.204891713701909;
5.170968939683134;
5.283968592614737;
5.3550319531720865;
5.3676829511197734;
5.404790032805937;
5.235383233152192;
5.434356289773536;
5.4088094948389704;
5.353980772327903;
5.761315358880954;
5.171120465355089;
5.230659927312939;
5.203476389217622;
5.179768720874263;
5.1301408958416665;
5.0954850584244;
5.106580293896905;
5.09132193732076;
5.058612013254907;
5.06058308397768;
4.974372255638891;
5.1740213867444425;
5.001971242760141;
5.024658377771904;
5.619971882393576;
5.572593428964583;
4.979688648573057;
5.015299989740329;
5.906473713880404;
5.800200845127744;
5.833236992746507;
5.12024674003207;
5.186276444197393;
5.994069227225132;
5.287306203065834;
5.3088372949291935;
5.376065176332175;
5.688173414678288;
5.51059150712702;
5.280031202922772;
5.0357155084363034;
5.269212729234085;
5.633454223743523;
5.517035800198477;
5.237262401502101;
4.97427636194752;
4.950351543511554;
5.238446594981742;
5.201444304725146;
5.292313805061837;
5.246596614592893;
5.0198276497413445;
4.960464415124259;
4.94397177542311;
5.317261571848437;
5.436633563674313;
5.2232742048925225;
5.110392560447125;
5.301839834424942;
5.361280346796325;
5.47782753298248;
5.275228186730537;
5.282800449755844;
5.282079657178914;
5.223122404801279;
5.120538538600663;
5.02631366320626;
5.150576528237281;
5.179569633036069;
5.174394072224406;
5.1609025228727745;
5.209898014447424;
5.31380806255117;
5.227433744428523;
4.939792257795985;
5.017324120707034;
4.889636585961401;
5.230635697458582;
5.561977673926406;
5.696089990909879;
5.2462652883867555;
5.341836232758815;
5.174736034382754;
5.142583541890859;
5.06137821129893;
5.135391115050115;
5.355083995331922;
5.075163442804907;
5.197262873705106;
4.647882137941333;
4.861836135472871;
4.877826995485319;
4.836110030623905;
5.3397911738523645;
5.145636828134698;
4.750921807897987;
4.790338104612223;
4.932721457806345;
4.783099165046766;
4.840671670785465;
4.969222115816825;
4.8517697251114225;
4.80961008911716;
4.676924550447275;
4.6359633408434595;
4.670444814129152;
4.558300272265309;
4.71844683166459;
4.658772110904781;
4.463135480727537;
4.573658942885763;
4.6676079023579335;
4.62215764308281;
4.709443434297125;
4.652717229673511;
4.914893594281553;
4.696458365085878;
5.030064454501856;
4.758895648512232;
4.634858227477319;
4.693530426921971;
4.679104651218244;
4.874202587935855;
4.759598872830514;
4.652014741157628;
4.620423670863039;
4.876311067787685;
4.826708670543592;
4.845764309932566;
4.826397219860223;
4.838122152165311;
4.772004575887708;
4.862596983102718;
4.930006460219702;
4.929720266208663;
5.3803519863541105;
5.219719267160074;
5.367042758867192;
4.9984705878260005;
5.00737352285526;
5.254360699665341;
4.636957975308019;
4.564918241796304;
4.446606241624063;
4.514161142357145;
4.555911359964502;
4.455895871087416;
4.646896036682486;
4.831429476428626;
4.708310067097671;
4.572160679398708;
4.668415154751732;
4.508251894597885;
4.560349684860873;
4.478919906261763;
4.8182898294706265;
4.746628069484556;
4.711195690540977;
4.6287780833372265;
4.609250844132726;
4.664668754864689;
4.621772595765363;
4.486067217129581;
4.665985882665546;
4.629548628890044;
4.718141928530752;
4.710807548593394;
4.6444746951561555;
4.678036528827135;
4.656825428335693;
4.573205498950066;
4.819399640306933;
4.8296930268723;
4.824191424942571;
4.872963548300438;
4.79032467849551;
4.735304179675308;
4.7173688329621974;
4.694356338077694;
4.890175475123672;
4.718424711266792;
4.749139013029466;
4.759748538505096;
4.786290576446025;
5.179093238930007;
4.935831426822615;
5.018108194429533;
5.2052340472777905;
5.012600580311796;
4.938163132255993;
4.945675863366511;
4.990696868173101;
5.0286894168900425;
4.979829920965951;
4.987988821492357;
5.043962048721092;
5.191681133269326;
5.22724243195949;
5.373698465263806;
5.452895717702663;
5.398659875696868;
5.406514103963189;
5.433874747685269;
5.3942290332698155;
5.28559149297633;
5.248528760285484;
5.3765156067049205;
5.231082892133883;
5.202669027284608;
5.1953136133116296;
5.2674171487902255;
5.373038022083;
5.2066398461917895;
5.420213099672442;
5.347625948668553;
5.418268788011817;
5.368597841424875;
5.338207084335369;
5.289768419685606;
5.354338084808631;
5.493115191342479;
5.2029615988773825;
5.028750686854059;
5.029847781968664;
4.9373246317152;
5.123478963054196;
5.283725551326807;
5.30794754062066;
5.437346519675006;
5.210934879146469;
5.408134801076271;
5.487413932316945;
5.570476128854238;
5.603414179909753;
5.480285567306993;
5.489727049348094;
5.397880689286007;
5.4753491716045355;
5.543090566625301;
5.5389011326679585;
5.623684678584069;
5.543848350612886;
5.610128988277548;
5.615459503757631;
5.589669302587671;
5.574966755921247;
5.4170713871254526;
5.599852139001945;
5.551371021056043;
5.526471674348261;
5.445655638658956;
5.4253595936773555;
5.52017946969542;
5.478644352938426;
5.527749806745838;
5.550422088034162;
5.487027904203154;
5.4463733031574275;
5.386973808346027;
5.353522119842246;
5.370135232944522;
5.406088241330451;
5.592244704578846;
5.649025520195699;
5.1874470511982995;
5.34365980450624;
5.286332219385539;
5.281324689979599;
5.241250631709926;
5.365025648487276;
5.471943740389418;
5.5713476152978885;
5.726719666918634;
5.373236091756215;
5.175011889840968;
5.116844040109467;
5.365519964897531;
5.437363174862798;
5.453135654516781;
5.573640444793348;
5.621672425086232;
5.186734423092563;
5.24877813769366;
5.205684064497173;
5.406020851291998;
5.414789372916041;
5.380808329424494;
5.301758554991542;
5.118234537494137;
5.352440515929598;
5.345724839508324;
4.892931163284483;
4.766268662377754;
4.908991882737695;
4.715582363061235;
4.726441714435146;
4.902088833397335;
4.950859045599644;
5.077724655991671;
5.174173987155857;
5.220278989205086;
5.229783623418559;
5.609327323507316;
5.668005086488763;
5.254717590486275;
5.383544460655634;
5.636267121698644;
5.522267314235653;
5.456158435608211;
5.636033011452042;
5.729030384433356;
5.514510270803174;
5.50860320704261;
5.548177978255948;
5.551299841144752;
5.529282205983621;
5.273916172085682;
5.369793693390795;
5.461574238065979;
5.374774381123657;
5.246043107176416;
5.152131919120031;
5.250519260089887;
5.505157959455964;
5.287960768107919;
5.447780111118923;
5.569269940475625;
5.4608041295327245;
5.500735643013927;
5.526589730471031;
5.527202240728434;
5.5668845758705245;
5.719927827154544;
5.5893841446581805;
5.4925325743238185;
5.621077762698807;
5.379703440539011;
4.9768428160992935;
5.006995821699242;
4.979050630406034;
5.01093867599179;
4.99636568830682;
5.040954530663034;
4.9698949432218384;
5.357046548299753;
5.385372597583035;
5.509108624961876;
5.28398538046564;
5.125476622513172;
5.1944057667297425;
5.401817741893906;
5.190426663322081;
5.239895118282801;
5.068068477529748;
4.986310217242113;
5.205981404974744;
6.075709893023252;
5.270330598093954;
5.878579469790955;
5.426990792258703;
5.454947666776275;
5.452220258285729;
5.623107659920431;
5.550472752080078;
5.316548501855213;
5.16322484709884;
5.2748928238632296;
5.448082544421587;
6.209341835392623;
6.0652136070573945;
5.710533233340259;
5.161984070378272;
4.7670181941301495;
4.763164759634778;
4.918982065823536;
4.901781088440498;
4.891177065724583;
4.892446923040995;
4.962756381427994;
4.7871189239572685;
4.6492749559282025;
4.754811923075599;
4.829528727258984;
4.8561267204331156;
4.915008846686539;
4.817984559014162;
4.612208217868691;
4.950322606316279;
4.9127267711918154;
5.212970167994167;
5.14989509814392;
5.0433777827089346;
4.886140198841405;
5.067294811676289;
4.692930059140104;
4.8861958181998695;
4.930188846809969;
5.108105219699778;
5.0225201585705275;
5.01332619622643;
4.967465719233783;
4.9519803341317035;
5.011992032606946;
4.94727696492123;
4.941495312788798;
4.888087442371433;
4.9376170162891535;
4.907035325757004;
4.971996798491956;
5.063954834376261;
5.411293363495985;
5.09732341949396;
4.855642050065031;
5.1821344281138915;
4.925210027911038;
5.047942782617051;
5.121424274733323;
5.251769914139707;
5.299450791223365;
5.307089318108002;
5.347031776841139;
5.130418995821067;
5.115006803207244;
4.864910160135186;
4.9813171850334;
5.080852737578198;
5.154721615251376;
5.137138610184187;
5.252749509662705;
5.362147216425607;
5.307947606008235;
5.237373147299403;
5.2530421570965995;
5.207352951264186;
5.160869301781141;
4.915099561769229;
5.125357735532315;
5.238780096259905;
5.200787402619921;
5.2092461902376614;
5.230319936129222;
5.269254888930181;
5.2190860911310075;
5.238017992255058;
5.249957610617123;
5.288667738729675;
5.090552616720106;
5.112181404335447;
5.253690722896186;
5.460772669189843;
5.4459799196035545;
5.132825431020354;
5.306151026594095;
5.143506898739147;
4.969418540415157;
5.390695378344793;
5.532290845473177;
5.343672667380194;
5.44388308981848;
5.318551660487195;
5.482126523101118;
5.423501222569557;
5.415911129600928;
5.50423962143741;
5.3002492250602495;
5.206724854885936;
5.183803163631559;
5.1202755750028235;
5.265961355394575;
5.441157858325367;
5.359774738711172;
5.3060248865851225;
5.286449940724098;
5.327684626613488;
5.417327385988319;
5.296869914235907;
5.322926883475861;
5.389703832755858;
5.415249288831791;
5.513211529425414;
5.477798388968678;
5.3981439612411375;
5.468050987522871;
5.281347833824531;
5.198244210642791;
5.216933700382978;
5.1088050610152225;
4.979720486404357;
5.193225488366554;
5.077832839811273;
5.144733121009697;
5.105058574181652;
5.13090440552159;
5.037771463176197;
5.287482044571059;
5.3490978651021175;
5.3484157981322085;
5.264297750407298;
5.448291317412717;
5.381860277467096;
5.385430956743692;
5.365601378075115;
5.52926047635487;
5.531389153467333;
5.5505071163661315;
5.332388440054631;
5.384000797600403;
5.296828065371524;
5.310375469771961;
5.0635974083967525;
5.199165748495188;
5.031099298562846;
5.205637478944386;
5.489230016820925;
5.1866508947107475;
5.420844551521534;
4.907961485479931;
5.156912712820155;
5.209038978746345;
5.122504570905445;
5.100185136425193;
5.160822295390266;
5.086436065786452;
4.955798001040336;
5.039605076055845;
5.187007483374954;
5.135768572134406;
4.631507438670768;
4.539789492462332;
4.976749148084839;
5.047394547411652;
4.93540580087818;
4.774112407456543;
4.69687249618568;
5.070790494560834;
4.9124096139450835;
4.961957030001411;
4.952644349155291;
4.868938921740468;
4.900183214561934;
5.012153944985998;
4.801372045725336;
4.739283972035359;
4.796056507126728;
4.8721624421015415;
4.771103030730027;
4.706926487315491;
4.754371041868471;
4.763716608621731;
4.809351542053731;
4.803837953542746;
4.971870490624037;
4.920566936874253;
4.809276543738874;
4.7128604180912;
4.768962891629595;
4.808752881511382;
4.775610351292923;
4.785192253078838;
4.866129856267549;
4.811076401004743;
4.807977016511611;
4.869129749545058;
4.8078922341684605;
4.758279345489829;
4.772920197922213;
4.7202235691200425;
4.735982190723301;
4.68978870045232;
4.8035090488952115;
4.794242526690589;
4.7942413447922565;
4.8933472752435;
4.7817484586157475;
4.79616753369381;
4.959899735084805;
4.723389908622523;
5.038435239793245;
4.792779355485567;
4.755824013029671;
4.649969857343102;
4.757011970414578;
4.673015110059196;
4.780756398369452;
4.76677451989625;
4.859663153557151;
4.80739165881757;
4.771902870285201;
4.840810743106469;
4.8532636566693;
4.852254928373199;
5.06542290940982;
4.962322069434834;
5.110725402420731;
5.146766462048052;
5.081373906403937;
5.054153700054387;
4.968460627288903;
5.032622431413559;
5.3315388012768015;
5.22650173107759;
5.121581372872496;
5.086437783298456;
5.2045998027335525;
5.228856210072089;
5.158290257316992;
5.256851248946459;
5.3551724095364674;
5.099553759887745;
5.02482487429091;
5.111451612457682;
5.035462557622919;
5.032268769831201;
5.078151763907984;
4.887950975462978;
4.8496784661133265;
4.932098992533403;
5.327208913849198;
4.941783101831273;
4.949510121618167;
4.961537438090975;
4.788430879785374;
4.904895197188589;
4.925635650161983;
4.817499771432078;
4.892376169410259;
4.893763551322467;
4.892911931378645;
4.945117289677151;
4.890769349675732;
4.828798912589942;
4.936471087072186;
4.920106374082107;
4.967637736683989;
4.914136272036184;
4.820105154514634;
4.850489310446723;
4.886020277680956;
4.879637512372794;
4.788541811047404;
4.979902845996031;
5.111480860307539;
5.072946045492215;
4.839927752801526;
4.845915514697179;
4.835100838522371;
4.992681196074447;
4.831917489195783;
4.890060083268472;
4.928734107342912;
4.897198409129344;
4.927562999347085;
4.872365197587074;
4.9010180444143305;
4.913650597105528;
4.8973678355254675;
4.731754640061126;
4.776290521442191;
4.863156714224296;
4.800166494200789;
4.817493763620018;
4.817054545991453;
4.8046139799674314;
5.034689340920143;
5.11378613677672;
5.212607011177604;
5.188225774635468;
5.132679710242474;
4.949541456880692;
5.011249901461045;
4.967717270223248;
4.9738719025339035;
5.068297827766737;
5.034753861336625;
5.139038774654116;
4.969405652005657;
5.082395366551928;
4.9403642432615715;
4.98271136056584;
4.990766576312856;
4.96586348119332;
4.98518694623984;
4.922267797711732;
4.926069219492564;
4.888183080243869;
4.796194195519855;
4.972918902736998;
4.775918241456592;
4.723660002935574;
4.861703250520667;
4.80321730642787;
4.757668902705499;
4.7075192682240115;
4.866597629999508;
4.859006308284464;
4.78913666367755;
4.976865305712779;
4.9519478569168855;
4.956813630195169;
4.9881363104511625;
5.053559715146036;
5.089329120699109;
5.029109311796121;
5.1419496895383086;
5.105441479040401;
5.128959936165043;
5.213929955054221;
5.173242202373148;
5.211751472781278;
5.262449750063293;
5.22188417522872;
5.216700789034775;
5.179415705495703;
5.02688704074165;
5.196776461398343;
5.099192507534518;
5.02190486048584;
5.094937946192654;
5.087418927154004;
5.073263338053003;
5.022202267836668;
5.00135063880639;
4.921214148814737;
4.934657548264896;
4.942274185772732;
4.983511090659661;
4.898035557384725;
4.92915230369805;
4.826283282887067;
4.808278642232455;
4.813829791013047;
4.90569409996915;
4.762377470677873;
4.756936071987503;
4.821290810663962;
4.81858634237057;
4.79891415650453;
4.733678326022227;
4.792905272947693;
4.869815649734198;
4.85767384260108;
4.939045587963207;
5.089682359072117;
4.912010323433286;
4.736803185289448;
4.767925971304012;
4.8711747246620885;
4.8435784521504255;
4.854370144846267;
4.8453303607845735;
4.7630763419931705;
4.8229175818608265;
4.886611589367798;
4.769492093384555;
4.8544027725389665;
4.834498615403694;
4.785486205260257;
4.798417930253554;
4.814291940346042;
4.769675891420113;
4.828309878710237;
4.843128669109835;
4.884157448985743;
4.873210436578612;
4.945113816492346;
4.955532098449873;
4.92549871813669;
4.811556340466035;
4.815818150790173;
4.754298163616616;
5.002309639467757;
4.9215297280246535;
5.089609382748741;
5.109584231528712;
5.115699473427729;
4.652486621964807;
4.676849844897553;
4.694660561599692;
4.744121058178857;
4.692520699583499;
4.6267871893815995;
4.669677066947134;
4.774400497267812;
4.923116579013984;
4.961831173733217;
4.633175408781797;
4.927600679051759;
4.783872300732902;
4.869685727406615;
4.634256275212783;
4.755699010801053;
4.82995784888154;
4.967298967492695;
4.9192295977398075;
4.804934885731209;
5.012828681499246;
5.102968567854196;
5.159955020335824;
5.148793869072357;
5.104058819887213;
5.087271152543312;
5.237303637002206;
5.203457864336003;
5.295053390055809;
5.205155093216323;
5.237967893985976;
5.248761283845283;
5.086445625577625;
5.198177877964751;
5.211593678023427;
5.196197850753344;
5.145636864300286;
5.02115472524029;
5.223087440710505;
5.051970879165138;
5.113847756685988;
5.122696643002048;
5.086147338585376;
5.157716885054462;
5.196910244944563;
5.115609611544152;
5.2209038096551375;
5.260624944485425;
5.327760679256163;
5.3010712087977225;
5.239495508352021;
4.903432092244986;
5.4380747502070985;
5.47949953891786;
5.433239597329044;
5.287102668946412;
5.169228072030802;
5.387594589586956;
5.1591765322310215;
5.2273476210467775;
5.571080009280169;
5.29321227449276;
5.539230359444087;
5.547639316109693;
5.3975843223413635;
5.414994359681427;
5.370937084411039;
5.177939619800697;
5.05693404634051;
5.246057563390086;
5.043758761791856;
5.163450766156801;
4.831118236170534;
5.127519981663934;
5.263281230643913;
5.218174889494575;
5.18358477834212;
5.109846410851709;
5.347427873036154;
4.947227522833626;
4.768661002286228;
4.954218134848503;
4.672685637065884;
5.355526045089153;
5.401193521924183;
5.308469955113007;
5.581246789868376;
4.914130472259763;
4.923591973098012;
5.086803837351055;
5.582996208220775;
4.872823346670276;
4.841242608196592;
4.768323048475574;
4.93609330250736;
4.923407235083562;
4.840801834886482;
4.876662418963062;
4.870255346692699;
4.863424902232237;
4.970158187089718;
4.968644332968809;
4.907625291489792;
4.877713145684073;
4.830900135322854;
4.880781686781108;
4.887313409849499;
4.923502125566071;
4.922915924442051;
4.907936870822491;
4.920981383984817;
4.870195837655443;
4.953258091521115;
4.9367885196173145;
5.015889374677248;
5.180549033183433;
5.152234652847702;
5.186429595229605;
5.064535949592993;
5.135612903858512;
