33.78513150444032;
78.41297169719608;
74.32055391683153;
34.12420560209288;
34.08273813682516;
33.76555566955089;
33.69841992112123;
33.71996479769283;
31.8746951844862;
31.14026791612939;
41.172409742249236;
33.81533614381445;
34.323307795612564;
39.85346606253996;
41.4632917935025;
34.79505926101869;
34.74325495811973;
45.593576754660226;
34.87476717382402;
34.44822894914291;
38.714481556559036;
34.64306117003035;
35.184073747498964;
34.65814060340521;
35.176670073596284;
34.723315496902664;
35.08431134581536;
35.883254713179184;
34.13776411909583;
34.9921533358451;
35.00895516589953;
35.18191952198757;
34.77431441162059;
37.92882170880401;
34.56475620704813;
34.82608539047322;
34.356702329087845;
34.10610024300827;
32.386084293831935;
40.7510394565808;
39.90762611584066;
32.73840865886735;
34.582738542915976;
32.335733810258496;
36.59538139061259;
38.04612041081982;
33.93696824698708;
35.810431155264205;
36.29388310952852;
36.657883411559304;
32.20307840554802;
40.8622927860269;
38.38956454597384;
36.72554742117563;
34.394963318648735;
37.213660341908486;
34.881661134944515;
34.53177718644078;
42.252246998371994;
34.853275118103745;
33.84520194047342;
50.51992924088027;
46.30925980846985;
35.42531076742653;
35.96620927855058;
35.85914979304085;
38.47423971360358;
44.62871791143824;
48.07066648997579;
33.8398330228844;
47.126292641219244;
44.91159885370578;
36.517496500267534;
34.731884995613385;
35.562603864157595;
59.15136668550106;
48.55727023356555;
40.412566543251955;
35.50543622060429;
33.16697510320008;
35.05224548957824;
42.20132620316002;
48.47196932970553;
43.18633420413935;
45.06180068869991;
85.43860592572989;
32.59687529314411;
35.272842973296335;
34.317137721915984;
41.006595532750794;
46.46489917826316;
48.58672929961697;
59.27562776345741;
86.31280018639454;
64.96176969625353;
86.9297229699716;
46.994687544394196;
35.1193201778576;
34.97528847862099;
34.28753907232863;
32.88559108974422;
34.843184110167236;
34.991782160983334;
35.172016564431885;
32.610034764998495;
32.76095178443301;
45.640548215836645;
36.13478076682598;
32.65774783334235;
37.85104072445392;
35.66256329668823;
35.417736668442494;
35.60823999258865;
44.079380247697756;
35.26473300124489;
34.735384574542564;
35.65761591794632;
35.51743921722881;
35.55851921294719;
35.38502484067622;
35.570994657051024;
35.297195700196966;
36.30152762370255;
35.35289148435047;
35.288138790482904;
35.14397357497543;
32.25254711540494;
34.97672360012006;
31.992307477657327;
35.18973748012673;
35.321722465480605;
34.47085602506441;
34.87596970206317;
35.35781066860191;
35.42970733118381;
35.56809710424301;
35.34319934683749;
35.320389882038896;
39.64998810454757;
35.23397102293889;
35.669506987612614;
36.11507521370242;
36.43044893744544;
36.49553640628492;
37.518191759981825;
36.3329094107612;
36.59042780016353;
37.13998542861629;
35.884509126178216;
36.04777143769468;
35.97129464907673;
38.36320145348997;
36.2733237318298;
36.33231065057638;
36.0896577613705;
36.28618436528202;
36.04068760573933;
35.917328484600425;
36.18594656077511;
36.286626532577664;
45.69791918167765;
36.082344622883745;
35.71826918945947;
38.39344069314471;
34.58622102134529;
37.8089811141655;
36.24984784639554;
36.32245199540135;
35.063615556230594;
36.49831471461799;
36.52337096458488;
35.96141686946099;
36.18455708547488;
36.41344532245244;
34.7173697699224;
36.74512956786539;
34.92136614158881;
36.5375805845703;
34.71510571406509;
35.82542685388912;
35.74558689414205;
35.154832302477296;
36.031080797030874;
36.0661892604513;
36.65667615028458;
36.18087765677932;
35.19548003880163;
35.07647170434429;
35.00288704516954;
36.03250528024459;
36.322360401781374;
36.24922479881137;
36.114289237838896;
36.34802079182238;
36.41660615028233;
35.83619078873292;
35.61733880091253;
35.52416765618681;
35.7756716078873;
35.891525035573785;
35.79025866004673;
35.83192045865032;
35.738617882997254;
34.752648942541676;
35.871343351129035;
35.61595760498467;
35.83711070541901;
35.41480555526244;
35.763544313798974;
35.55270776178488;
35.51562415831998;
35.63717716729002;
35.546008108903315;
35.86437540909663;
35.431519280739366;
35.437459909693956;
35.65599682570366;
36.03544233265623;
36.028323854024464;
36.07340370849688;
36.06588123079541;
35.655540063007535;
36.01513909143555;
34.983551054726604;
35.53836289128247;
35.84584410181092;
35.93543468120938;
35.15990243710263;
35.33215183163843;
39.12876659721631;
34.74994236830557;
35.64765037894538;
35.88520048198866;
35.703608868540265;
35.5233194558635;
34.83104201856583;
36.1682660348336;
35.61527906211864;
36.48793574768194;
36.231154976202205;
36.29400387442333;
35.91487907613171;
35.57808874633505;
35.663495884301064;
35.946265205881886;
35.267423461772545;
35.65211389614241;
36.337405267624625;
37.371718358996006;
35.680181052159526;
35.5560939088387;
35.412979082566245;
35.43116308711595;
35.771132541437446;
35.443648998879716;
37.51137306867369;
36.306325766073115;
36.47585511833882;
35.81994704643315;
37.63484392381407;
36.385069935615434;
37.19188297346343;
37.221437864918876;
37.008174489903496;
36.097627172767986;
36.446451258393516;
35.7348391449234;
35.78748092966282;
35.76339796832994;
35.734216586992;
35.898941031848274;
35.649764294301846;
35.84763474609316;
36.4502625393095;
36.62217205918746;
35.731876873421186;
35.801088657133356;
35.73752023031272;
35.76848588515515;
36.10412878410212;
36.83994562342195;
36.3903533959625;
35.65095009032324;
35.91224851547031;
35.65430901301441;
36.33961574821225;
36.30511599623199;
36.17569446537569;
36.16141742722967;
36.0126457276143;
35.78672390169966;
35.94655508292862;
35.909434429665616;
36.91145460192595;
35.842896166891215;
35.84744022021443;
35.929329415584746;
36.320762579006825;
36.15342339438012;
36.30420611395809;
36.2802028602106;
36.41305881000842;
36.05494251181371;
36.482580778425245;
36.28557785297943;
36.34365122828981;
36.94760420343248;
36.63018519784262;
36.65860918279753;
36.29078000701428;
36.34892706772451;
36.31883722812331;
36.3934845420577;
36.43643330157044;
36.437473057366816;
36.509962342656486;
36.66857023321548;
36.714622478193796;
37.54798591572506;
36.64509379334822;
36.56351016454698;
36.416805150384064;
36.60558061945326;
36.25844374062358;
36.154888760342175;
36.46682870050077;
36.46828071353631;
36.53657971304179;
36.155761897348725;
36.3115704987359;
36.57591068266666;
36.53525458284401;
36.684000418937536;
36.53824426920028;
36.52070106693924;
36.66800994374163;
36.53804387149901;
36.61708996907801;
36.81387520475282;
36.60534129688706;
36.43591201603347;
36.73491334420396;
36.64215427449181;
36.61344266871085;
36.0996451048237;
36.01515787496037;
36.0314196455108;
35.972016455004876;
36.23847649051393;
36.19987053898177;
36.085269073472276;
36.19180439679297;
36.156685685806785;
36.086944546948864;
36.17885284801702;
35.906055011742616;
36.30668521987516;
36.27865318144613;
36.20717904767505;
36.051674572762025;
36.260631941186794;
35.96543679290785;
36.009591001287085;
35.96749598878082;
36.066132624898906;
35.85262978119537;
35.77718658890366;
35.7859792498086;
35.735005942707225;
35.58724342180559;
35.561125326121015;
35.49601947086887;
35.340967932723814;
35.30169126116424;
35.27493185986118;
35.25199024502225;
35.07862446973368;
35.11340993045237;
35.09825989068714;
35.14294922177459;
35.1899858299691;
35.1942974145076;
35.03150691783862;
34.93767347559534;
35.044951861527146;
35.143081400819256;
35.119419900776876;
35.05896771606381;
35.14069357433663;
35.10426776624117;
35.12588038796802;
35.336728141423905;
35.201254998088956;
35.10496121287878;
35.15608326978986;
35.0993885080055;
35.15808602108835;
35.36403297378102;
35.24622488435676;
35.25146666113522;
35.28747541316155;
35.36092919195792;
35.337780914348045;
35.302461584007204;
35.3630567882446;
35.57413100019472;
35.415554845730554;
35.45781838796184;
35.48236606161589;
35.4437361571603;
35.35551667260374;
35.40729568121801;
35.37397316447052;
35.36861297171804;
35.6318431137468;
35.325906199657204;
35.45570197780461;
35.54513628423838;
35.49613061482971;
35.6096338242778;
35.793141862591085;
35.49224397640255;
35.549843942112155;
35.54616857352321;
35.64365230034572;
35.7042749995798;
36.93969212942172;
35.72033485738287;
35.9206774970481;
35.613208030732835;
35.62561960323106;
35.59276555102638;
36.00301779043287;
35.85211401676578;
35.763291480014736;
35.81836030165029;
35.93936885325216;
35.79070055063151;
35.983651793691024;
36.08225247971999;
36.137724201742714;
42.662266407573505;
35.92628432884854;
35.8888748471115;
35.91211217041954;
35.9386210485526;
35.94983841195382;
36.02293050012127;
36.05409790039925;
36.09088433842245;
35.99359348292448;
35.88718639152749;
36.04747688348804;
36.159702133027835;
37.19911804588099;
39.04920193564018;
38.99142632294873;
38.921664155822825;
36.115031659773315;
38.92267504880098;
38.6825547653118;
36.78672515561231;
39.00535175543467;
39.1646248137727;
38.945180036122295;
37.037456680245434;
37.136820086043315;
36.27864441208749;
36.4359617834615;
36.4265881486305;
36.12235398673618;
35.942908220705355;
35.949556334513034;
40.272355042585;
35.940114013143926;
38.78290178262879;
35.91119121512036;
38.51548381955295;
35.95119869962949;
38.874280963369245;
36.18923357406408;
36.04269565723714;
35.99038541874169;
36.55262559756972;
38.56376935980657;
36.09280310845251;
36.19701693157157;
36.12988864611343;
36.08574656182146;
36.1517378486002;
36.20142861888215;
36.26387728656255;
36.156465532263866;
36.14552674619732;
36.183832223683375;
38.52411710621828;
36.900684056919985;
37.221490418423926;
36.59226846061612;
36.496665648851156;
38.82447954643793;
36.710711393651316;
36.84362494285385;
36.48243400308689;
38.473377464523686;
38.838331897062695;
36.64248618269446;
37.96935988724363;
36.5910509694863;
38.38231925170027;
36.451115971067;
36.47871366625202;
36.43727368382575;
39.14295987667409;
39.49081123034312;
38.610661029682376;
39.22638289577774;
39.38552761864338;
36.55712359537334;
36.487101250943006;
36.44987807190525;
36.47628178872903;
36.59519406038787;
36.51783017314567;
39.43871905050031;
38.95507274702491;
39.513330934494014;
39.43562725559246;
40.06761249481296;
36.660955024792166;
36.60352666580084;
36.73285957805423;
36.61742158104287;
36.5867199915892;
36.54789502548811;
36.57467945124957;
36.61345904039798;
36.63272014031971;
39.298952855488224;
36.623126884146394;
37.087599736534294;
39.831577909731266;
39.12518627071317;
40.37869232709484;
49.97177312432383;
45.14900535318833;
49.14850122454549;
50.213598343719795;
36.72018286848973;
36.63361575254881;
40.54896812536969;
39.400192579783344;
41.643053434564585;
45.55845774936993;
36.69740993798877;
39.609852610206616;
38.60549631826585;
48.44408652277912;
44.980354551365394;
44.60056619435856;
46.389750192767096;
44.27370022969545;
50.07908418218274;
50.48305249605801;
47.86759791132309;
51.571875261159;
51.54343823840364;
44.91446128836558;
52.533635112447016;
51.66429303607204;
46.50073201750836;
52.717433331635476;
49.59102434232494;
51.87929962031762;
45.36112379407596;
45.112216276863776;
45.287568928430204;
39.22891789202562;
51.6110347470579;
51.60651248313426;
38.630695110005874;
37.75201823137164;
38.985360588423404;
38.97583339666631;
38.8115295282151;
51.07828164232643;
55.453623344335824;
46.972872753643884;
40.37841081713043;
44.58576346199137;
50.949933785202866;
48.80166537780853;
48.60276655418607;
48.71735693176573;
36.34799274010417;
48.28007333962495;
48.46833748323794;
41.58945043491228;
36.574195067842176;
36.56342697710999;
36.60928596374156;
37.15470890742361;
38.19655753247359;
47.361323770574465;
49.22838314274794;
36.63034112294963;
39.21656806588995;
54.25742468159492;
39.0925668818131;
38.78459509702069;
47.1666803163883;
46.90218708667517;
38.656418385389976;
37.7301333292796;
33.53703927575719;
32.853304883818886;
36.57854772953649;
36.725826552073904;
36.648683951983294;
36.58440546282271;
36.64962922857908;
36.56676775335895;
36.495424532834;
36.53770464242444;
36.51526850287342;
36.443029019793904;
36.422696366353556;
35.92905696121804;
36.54477219916993;
36.45423678565458;
36.50191803571913;
36.29965719266141;
36.39092243560086;
36.59937768702009;
36.37555387970365;
36.40319864984398;
36.46978092517145;
36.44548826704894;
36.39313833316387;
36.45812105292605;
36.520863760562335;
36.59082395446289;
36.47222457386286;
36.39201106694407;
36.27219720191044;
36.345249479809155;
36.55715264189257;
36.36242670169896;
36.51456418148935;
36.39687752567685;
36.42158953100865;
36.40193833599602;
36.50092017978788;
36.50484191934644;
36.422956878253004;
36.32128784864339;
36.281520762375415;
36.474211363485615;
36.4439539175607;
36.633629190184465;
36.58685541355562;
36.60958450544767;
36.57622473777654;
36.52790856674008;
36.38964678571093;
36.34524170586772;
36.23334049761402;
36.25731087124615;
36.147279326453955;
36.26873682116005;
36.39158408964719;
36.306980566199016;
36.29386586443755;
36.28204228212564;
36.454881528495754;
36.43487050669021;
36.479007029077735;
36.61846216104459;
36.59407270564798;
36.51114348253836;
36.58582831392704;
36.60843528741309;
36.64317430436526;
36.64735872215369;
36.68804891863215;
36.70699293593563;
36.77845314558397;
36.67427201697363;
36.68910300898779;
36.86974857822048;
36.99851658717555;
41.31555238828405;
36.75587845187362;
36.68362944741325;
36.51194646368167;
36.65163633889133;
36.712770920155286;
36.65852472165123;
36.62884400088629;
36.71787773824072;
36.806530218036905;
36.747721794662986;
36.864873635801;
36.76748442760372;
36.943836215190544;
36.84475731963737;
36.80477796365588;
36.782657740865474;
36.822382648407185;
36.72898812754559;
36.787025226869325;
36.762550718667754;
36.73529714224519;
36.93048632588453;
36.81463635718126;
36.79442529480986;
36.82897718285685;
36.68200500875711;
36.60807927322156;
36.71575626203456;
36.77456160271478;
36.92743534005964;
36.9061777962444;
36.85510524215471;
36.657639276988256;
36.58185944518692;
36.608604889427774;
36.48934880462319;
36.643116212997974;
36.505154697104395;
36.6045602309721;
36.60832523079361;
36.53285340637795;
36.546566677811406;
36.60435987004971;
36.39267550982666;
36.48929367695563;
36.51897739280416;
36.52530145899019;
36.456689939586695;
36.56077432854393;
36.45872820040534;
36.55358684708998;
36.583132467555785;
36.697183027619666;
36.65332143119811;
36.440156546620194;
36.57330733565882;
36.54393974424702;
36.26908485361867;
36.3251062182506;
36.4949114678882;
36.58633114712398;
36.30899846854678;
36.37997786211705;
36.48053870735508;
36.50433778617208;
36.55955867135359;
36.50408180559261;
36.54147698825755;
36.51653603614946;
36.55631190759135;
36.441853274544634;
36.3437472504986;
36.32110009775612;
36.35512392559292;
36.481053555312904;
36.44608622818378;
36.67230063862407;
36.657742973393496;
36.857546405481216;
36.75980305007773;
36.8257852361054;
36.69562353866216;
36.745244439784706;
36.81583239932694;
36.84889012889157;
36.83419102068443;
35.48898118766495;
37.32059276281782;
36.92524007703244;
36.925681067283186;
37.122616326365396;
37.120598305658106;
37.285365378866324;
38.60169109365622;
37.30047124798157;
37.226010904276436;
35.36445081228026;
37.18481961207486;
37.242839542713874;
37.958069589267296;
37.78931011968078;
38.022478876406154;
37.32778588154053;
37.65804993866048;
37.4579773531444;
37.781719244624526;
37.55809769596124;
38.53908264613556;
37.61367684049132;
35.65196905475361;
37.531694003099524;
39.84812493064936;
37.59542623425129;
37.72616772910617;
37.61402218062172;
37.45261598525781;
37.286784317746026;
37.4605619584687;
37.433750393260325;
37.48006855786071;
37.54487946147501;
37.64767439042972;
37.09058597227374;
37.4622844817276;
37.594098637119394;
37.693475239341225;
37.54598467489042;
37.68248144013907;
37.65704537185944;
35.43961182601776;
37.71730303215987;
37.791032828421244;
38.02453009715123;
37.71258538993595;
37.350564107635286;
37.50491367504999;
37.855461260279064;
36.9548429856515;
37.28861650472919;
37.606977194017645;
37.55068639367155;
37.57935929234907;
37.71638383387601;
37.64895703589208;
37.67119718909528;
37.65879581929284;
37.57277938749682;
39.24676176676554;
37.72082028184656;
43.66105644866851;
37.899772003856945;
44.85203656207948;
37.615199116645485;
50.62006568305902;
50.34367797405448;
37.11998432227936;
37.63272276585372;
38.63338794024888;
38.545841135300805;
38.026977041528106;
37.5346104089379;
38.31265636169779;
37.37339490743119;
37.589100436816956;
37.704813851406755;
40.22814037730671;
38.12470316905211;
38.711001396922455;
38.84864364071462;
37.74130918480695;
41.40981249512903;
37.81920112502289;
38.04388751172891;
41.122787898409314;
41.325478478327454;
38.018425682654986;
37.876594951558744;
41.287527280598866;
39.440716161161646;
40.96197361228847;
38.15462180001663;
38.17209048609705;
40.55980524676265;
41.09160155625022;
37.91576459270559;
37.95138315295768;
41.961519677864345;
38.02863071451244;
38.05307663233353;
37.997756688323385;
37.959122317884216;
39.44436424306204;
50.72602127723211;
40.082506898758545;
38.021185090556145;
39.86541136495219;
43.33456192916949;
39.73779165638873;
49.87244921798381;
37.7305223905481;
41.09799482768809;
39.80935017661829;
39.15639430823665;
38.79171490821911;
39.00181669263435;
39.122717458421825;
38.68767565729387;
37.80080420060432;
38.83221398131874;
37.4739480872934;
37.4467197517493;
37.52565729729928;
37.60229045313336;
37.71464034600282;
37.630514954235345;
37.57347750283506;
37.46392401609787;
37.42399828914616;
37.56049299393786;
37.36173776054851;
37.24807244287109;
37.26274049236023;
37.258442342810625;
37.391754258997295;
37.335463627232365;
37.25697170284846;
37.35654136153049;
39.269758368245476;
39.88271232974684;
37.299031038374544;
37.294806558975544;
39.67148215027658;
39.86890074075236;
37.2049524076984;
37.200173761085075;
39.32760116857568;
40.690761746540026;
40.165864756248;
37.45134402177798;
37.37905850268713;
38.24387419351873;
37.75692295513938;
38.13471169797371;
37.562551744835076;
40.39361754549823;
40.631382959575454;
37.486557875229906;
40.84422650024003;
40.351307972025964;
37.579014089873446;
38.2862762170073;
38.32582726048017;
37.77892753330735;
38.21862758470188;
37.71790347175819;
37.71252614235089;
37.6468439373262;
37.49548952050888;
37.47962138378262;
37.50490746366644;
37.42567020034996;
37.30288477434368;
37.46854202029155;
37.13118014773627;
40.63021506434998;
37.66331746152952;
39.041536318359945;
38.56785623782458;
38.3779298562026;
38.23229032312725;
38.067638308308915;
38.000413208354814;
37.94419183104744;
35.84677632369133;
37.93192695258353;
42.55970442258196;
39.53563254967732;
43.956538010224364;
37.83977631424514;
38.19293900321417;
38.10691184225098;
37.506042952555646;
39.70264262421418;
38.36624338042939;
37.51749000984744;
38.07805467374656;
37.60018636978942;
37.83614933678415;
37.82633509056088;
37.84588953405259;
37.73380954877074;
38.32805014641834;
37.05337761161219;
37.83143370640266;
38.083455030454296;
37.811049342571586;
37.76247928794465;
37.91683434658861;
37.93544880796097;
37.315243636316175;
38.03103502964013;
37.8104301804318;
35.40631877309678;
36.06828753803248;
38.0334584542338;
38.13264833255654;
37.83187260056378;
37.68767580874234;
