2.4608225841752533;
3.415325607901865;
3.4910960123918344;
3.5681476665844603;
3.2335789640315156;
3.184984880230133;
3.060834392035604;
3.190701337716368;
3.035844929397114;
3.1486426995344736;
3.5733033677157153;
3.529194430903894;
3.614295619175419;
3.6459526605327315;
3.7519847767457097;
4.107075996607656;
4.0346028240171385;
3.9262666726577886;
3.9922625825725984;
4.089597335573059;
3.8527384983630353;
3.8935675108715695;
3.826938066553135;
3.9565353775688332;
3.9374112776555554;
3.9254235200370617;
3.832355260339513;
4.073295830463938;
4.027644611662048;
3.747894622061661;
3.772571148922115;
3.9318190480930637;
4.00380136962244;
4.009733888779184;
3.91056366450459;
3.8475944624480682;
4.172542787150619;
4.002616044534736;
4.134615973646546;
4.1395103625249545;
4.181509564100025;
4.193098640909025;
4.081137374185976;
4.283316825710893;
4.269249102551148;
4.341846104907285;
4.442094711379476;
4.386996750502228;
4.423028545416902;
4.513446671275057;
4.246603288871852;
4.342458892183501;
4.270429265433435;
4.411023345965182;
4.285417459371851;
4.249801926904454;
4.307288685686962;
4.0557218868482625;
4.2339880903443445;
4.163828337861618;
4.058844545976712;
4.2208960290880455;
4.312259962801054;
4.379927879723468;
4.41376728059234;
4.258631889308293;
4.2734735433331075;
4.256101980536317;
4.408506105820848;
4.43938028618333;
4.366616008860528;
4.332119142464671;
4.357885690758507;
4.351471167433175;
4.336717531543961;
4.141115560312282;
4.221332952806743;
4.376828520725541;
4.289495476550972;
4.037525460552022;
4.241109139502641;
4.272503308443511;
4.100173481443201;
4.300033853851521;
4.42028760295619;
4.233076607513782;
4.239608730882829;
4.52414693028844;
4.696957810578916;
4.315478549891381;
4.933817988128573;
4.6875662201929;
4.625645725442576;
4.443580054555062;
4.507516144902714;
4.547244343678916;
4.493402183446729;
4.479931789124717;
4.401408389489688;
4.424380587922265;
4.452763804605224;
4.413311882876751;
4.492632601888693;
4.4530666714471225;
4.579806248602073;
4.671189363898774;
4.475144569859914;
4.499444034724686;
4.685567637388908;
4.488401931299761;
4.591234658779345;
4.557342165294318;
4.586690941783273;
4.583317830315193;
4.677373252420602;
4.500296060558001;
4.650958397083238;
4.805379968520295;
4.823112126443644;
4.794884400535538;
4.570090786480408;
4.44800188394406;
4.500298003619808;
4.5997522713497725;
4.648859557296154;
4.664592650962366;
4.5907704801545774;
5.067612607290955;
5.184449865651799;
5.160230708111347;
5.2243640352048155;
5.14457842619454;
5.415568594511916;
5.530993089726552;
5.416780978688929;
5.473008139486191;
5.371016160889046;
5.264581058730177;
5.343725264802;
5.3787618309474885;
5.346647300467394;
4.995387112755736;
5.4979128982168906;
5.476566501155473;
5.613973031343054;
5.485834030561916;
5.466711288690965;
5.460215514356258;
5.466725682356142;
5.350116927644769;
5.395348453807741;
5.36414088735705;
5.363413892886097;
5.411617850021342;
5.305174218230736;
5.4614471354606975;
5.449225249077475;
5.7048607678197945;
5.837077514742328;
5.84274284313938;
5.707654852411676;
5.726244680379363;
5.716146945489004;
5.729816938813936;
5.661599167252531;
5.761167919248243;
5.750139472238914;
5.795089697809961;
5.742488330105287;
5.864648556003365;
5.827742722531299;
5.8718753038819465;
5.869804894561565;
5.830406272035238;
5.632062075961914;
5.73361516063051;
5.80413083408131;
5.853160328057922;
5.850760501103662;
5.823682167695646;
5.745546534880725;
5.6712485170150755;
5.536614211255135;
5.5527433027746484;
5.6186779443867225;
5.5034480766674;
5.491226824341861;
5.365283795638908;
5.726170316420277;
5.724081475047771;
5.347560305019977;
5.660371644370767;
5.8492704219850875;
5.706118996708342;
5.699634059412615;
5.833767939002024;
5.649872828105405;
6.021654957745361;
6.08648090164145;
5.635070957917833;
5.6581036816367645;
5.6327098710803245;
5.789786861382109;
5.514428362674787;
5.447307810372225;
5.459392361983291;
5.721116461980412;
5.600726058462556;
5.72919255175662;
5.699698640260704;
5.802960838429397;
5.516060146709067;
5.619315067362417;
5.427714138152333;
5.568212349453038;
5.600721098931625;
5.534041915661957;
5.675915574336969;
5.729583457499889;
5.535049455243346;
5.6358200625211605;
5.790487589599318;
5.318993178099147;
5.734553447209579;
5.6763226687538175;
5.62411270159202;
5.85477098776376;
5.844628641824655;
5.707659894784346;
5.5123557733570685;
5.652287243285793;
5.386785613038415;
5.4477884163923775;
5.353075463987034;
5.4268043912031985;
5.666709177222566;
5.580785971169613;
5.666903608935662;
5.7488150129342035;
5.686551692871204;
5.767514057449101;
5.793283035028525;
5.88407250576401;
5.820190794361513;
5.73596834051999;
5.830806420601317;
5.869334616109367;
5.888380552870719;
5.809436675553878;
5.387191426804131;
5.380239435516657;
5.550903830094816;
5.480430385540636;
5.4724915766249405;
5.365190030776725;
5.363334542184917;
5.521386381776333;
5.454668222662595;
5.452150697538695;
5.468360206316498;
5.450310162298491;
5.523485603982555;
5.596989511977134;
5.345056620154425;
5.422256186711148;
5.422080282114406;
5.639241446295952;
5.519058438476825;
5.728500757285633;
5.59007255309501;
5.448357901225751;
5.539612000092272;
5.526892024806748;
5.607435369511175;
5.395855520867705;
5.518577967509696;
5.38194302488561;
5.562494596153736;
5.43488430792439;
5.638047912566602;
5.5541049655106915;
5.5904850024540345;
5.632944825286085;
5.574491876518169;
5.5139917078447045;
5.635055035500246;
5.5311097265359335;
5.592333730622374;
5.6321737146964335;
5.538086114038044;
5.37875888744645;
5.207084700363885;
5.747613045550905;
5.581918806779054;
5.513516940943522;
5.479281365025562;
5.449040581061315;
5.601068534198249;
5.6377096181166815;
5.5966117682470236;
5.422965365340791;
5.349533725390564;
5.347781474947377;
5.4590087981455095;
5.469098224755478;
5.475175899254865;
5.733564254336111;
5.722403577023537;
5.645895307274451;
5.696864282445359;
5.550723406699039;
5.554152679499506;
5.634361785386187;
5.682068947998922;
5.620320894277477;
5.584532105751383;
5.616456200236218;
5.716685043637375;
5.688590863820421;
5.661794671305019;
5.626237071180905;
5.385826640235709;
5.573600744099121;
5.632398454773448;
5.704428107606974;
5.782331507188267;
5.802008607469609;
5.808132164803862;
5.825085291369251;
5.89483672143757;
5.7062615803795875;
5.6771438634256715;
5.793687551499325;
5.772134155524966;
5.820046042583261;
5.807751999146696;
5.814181316358834;
5.895448923876407;
5.82900705099847;
5.8123623352443925;
5.770561278827889;
5.825444849023915;
5.769566333345394;
5.786835290336141;
5.815782871707516;
5.8139884327878315;
5.852795876703925;
5.793215486063876;
5.789942518554127;
5.811362116700319;
5.760885697150911;
5.8343789573487035;
5.796918698174091;
5.670477541896664;
5.719840867410788;
5.82883066272356;
5.827992534206548;
5.82285191467053;
5.905571688916079;
5.766617045660995;
5.7192899546430995;
5.85858364821672;
5.920214619869379;
5.8842086490721766;
5.856089372573698;
5.821926945211635;
5.763563491591383;
5.830645431937318;
5.868694443656869;
5.865488484600659;
5.859836254079559;
5.956636283394257;
5.821528101502361;
5.776912678374359;
5.866101936285365;
5.877954131018448;
5.931881397135619;
5.764727953316866;
5.835759969801044;
5.873895404623446;
5.966752526809672;
5.967912297288046;
5.958225417441945;
5.988395799172357;
5.936460823204298;
6.007800602508925;
6.030444143205074;
5.999363971093108;
6.0117887241109145;
5.827119641117052;
6.106557456332469;
5.994443854454588;
6.035550928135262;
5.957113043843975;
5.944232284759068;
6.062000957368733;
5.8750685716402415;
5.927916093949307;
5.882184226237872;
5.900606629080364;
6.034350803594172;
6.01143141496037;
5.965969395018219;
5.9821074168651505;
5.976938851683198;
5.790819679285609;
5.785593133673383;
5.928043273939289;
5.821822531332167;
5.724457507656015;
5.38963920593058;
5.615432864439962;
5.640298315827365;
5.6249967738081486;
5.572709098265969;
5.672145605298894;
5.68888027053264;
5.864179490257654;
5.83344173672188;
5.857410628813023;
5.901988197201633;
5.988969665680919;
5.921488860018268;
5.956613657998791;
5.826889339727015;
5.744404644165001;
5.7483526498776945;
5.643745018490307;
5.712875495393242;
5.723704226387904;
5.766587043358799;
5.532705850289688;
5.502073038835682;
5.620110312414834;
5.787027413782332;
5.716023894981139;
5.784629160990715;
5.664172795283151;
5.807192160542469;
5.623292338458176;
5.858455140900504;
5.799629648946965;
5.619162759719645;
5.809568232831289;
5.936312293191906;
5.824797176670105;
5.881762308721253;
5.8513106507414205;
5.9374350568550085;
5.708916888798407;
5.88896978854355;
5.782458650266578;
5.7601310705920765;
5.752640336223688;
5.841431467149181;
5.899638772598511;
5.8364783714982;
5.74769014978465;
5.704940248558482;
5.859313376332436;
6.051879706434738;
5.97508576509097;
5.748000373700458;
6.086631000927589;
5.48853310474651;
5.791238574718048;
5.801148584144947;
5.759984479958638;
5.8189226350346015;
5.8082621361867055;
5.8885172694874175;
5.540686958537206;
5.960244102246426;
6.19657536033029;
6.218358524414109;
6.163945061086711;
5.914202285985045;
6.076974724508684;
5.935914767895968;
6.0112519862399365;
6.091598828085231;
5.976841644149036;
5.820474051584225;
5.935566022498571;
6.153901613991004;
6.360454927614382;
6.436757981642226;
6.006498730414674;
5.957214937501686;
6.105965548447995;
6.188720100894058;
6.289720821271085;
6.2269986352638975;
6.146706028458662;
6.413988921023584;
6.635796895321347;
6.31905575578874;
6.489996244172111;
6.5847816983108185;
6.415116151592332;
6.4870033335320425;
6.480910059540173;
6.551753055709836;
6.58190704033622;
6.604366859222186;
6.54214049197839;
6.362457119371702;
6.1709320282233735;
6.09839715105045;
6.134373611461536;
6.274227490419841;
6.30386974899914;
6.321001497994362;
6.371061079814931;
6.3141806309594015;
6.389102530817922;
6.415065331206525;
6.37631465569288;
5.86583245920905;
6.337629553283111;
6.456737954960942;
6.337022320996028;
6.573187260151869;
6.498902803801428;
6.307684542026309;
5.842468937155412;
6.478485286375998;
6.530904064663661;
6.46353548179253;
6.248932491738479;
6.440863320123863;
6.500478335098126;
6.221951169698071;
6.417647247407774;
6.225676150059316;
6.272343049220635;
6.397731301060329;
6.393975276353293;
6.2275929301281785;
6.170644173175047;
6.192770508912139;
6.171632281707525;
6.179706647988009;
6.130527913886411;
6.14149882889324;
6.277036170482957;
6.10589527927171;
6.148617723091948;
6.0312114234378615;
5.928845713889149;
5.984768751663695;
5.967791863762719;
5.978007924531755;
5.9658088519486085;
6.0252206013483836;
6.008040678288711;
6.023750173758426;
6.035431922953115;
5.925068505701814;
5.938231313104442;
6.050751443396068;
5.996774084198944;
5.917087819773543;
5.950589074485645;
5.751168435205711;
5.672100570046163;
5.854250516377385;
6.046310539867711;
5.974706994923805;
6.048248219246513;
5.963284985394222;
6.1262147150161095;
6.070624337783574;
6.228023841001475;
6.2376238670357225;
5.954434685848021;
6.132185277473313;
6.072096760266602;
5.873025865847101;
5.733272105261397;
5.7947825445076475;
5.8971268705750735;
5.839336624090755;
6.0668715095346695;
6.027096519404693;
5.941975352431077;
6.049954574346843;
6.013298675094;
6.100148512613806;
5.804480122329065;
5.971826679276081;
6.0125339199414665;
5.926696863491879;
6.063241942213605;
6.05242835493075;
6.111457598090809;
5.776189358574688;
6.086773611230772;
6.137310392843157;
6.0142490621013325;
5.899002023676907;
5.999172827331486;
6.017473171182739;
5.796663889941585;
6.045460197655451;
5.671841632205196;
5.903397070262005;
6.016407455067219;
5.933444621964346;
5.735670541311787;
5.620912366625007;
5.5811570533638655;
5.4574872037449165;
5.820620397139735;
5.7730497940192915;
5.674698560341614;
5.703237675003182;
5.593902258265009;
5.937509979308286;
5.799609791175094;
5.871073580369254;
5.802692607357054;
5.734144904739981;
5.687898521294156;
5.753767805548588;
5.7678915661529855;
5.714454462756335;
5.746470890221141;
5.874978892853831;
5.896445899636419;
5.665612410242474;
6.015441522624515;
5.769536879824307;
6.112998456576561;
5.701836697582814;
5.9825696740148775;
6.180645229485199;
6.568243590916506;
6.15265016949316;
6.72681608396208;
6.666778860060389;
6.485561327185705;
6.472874772168303;
6.43403102698514;
6.539137469003432;
6.5659605690374905;
6.578090668615025;
6.593829752465492;
6.472034686018121;
6.426741895929815;
6.370967401609962;
6.3750656899752585;
6.496044459535862;
6.529684228652933;
6.508724848169479;
6.4282366624775715;
6.422927887032138;
6.469377287606833;
6.412266387514125;
6.489845049136792;
6.442985855453034;
6.368893389534372;
6.297928896938694;
6.367454067236756;
6.3405690165055395;
6.381528917227234;
6.481477851354137;
6.370483323135203;
6.419204609040794;
6.482353877328751;
6.359715482932446;
6.446951358171802;
6.6480562118951605;
6.622755517442008;
6.413516857280637;
6.3831033545246765;
6.369087276275777;
6.487927119706027;
6.635841578469649;
6.632779890195745;
6.607023167128206;
6.67594111036393;
6.47871953754401;
6.541180095237465;
6.516398416570097;
6.476520487104901;
6.4036218473834845;
6.535892110025019;
6.593877645621699;
6.587472977383663;
6.689299584576217;
6.7704163055473225;
6.749097287606739;
6.651223777079597;
6.677893069221338;
6.751583799352687;
6.794051288781012;
6.761210200412071;
6.733173541399299;
6.677258480185473;
6.685541129075843;
6.523411966203818;
6.651035680493637;
6.5843221714226585;
6.273378761515723;
6.487947305009499;
6.4348661150163755;
6.248390373711215;
6.1360279921956185;
6.5253363471733365;
6.645695771942893;
6.642328670002821;
6.568339763868003;
6.591341786614545;
6.521534453879508;
6.634184021755032;
6.745909651323696;
6.579779641697829;
6.551881066422448;
6.60537142867953;
6.638512043666736;
6.401866452685021;
6.625597661790618;
6.6052914207142726;
6.647768026886889;
6.597046169828796;
6.690078153636138;
6.590233042719626;
6.659911994487523;
6.611165057151595;
6.672816324133362;
6.588245036124529;
6.680586528402947;
6.657916849788433;
6.721689397289484;
6.7861222415745726;
6.6748648215177075;
6.647721994915566;
6.676070714293349;
6.509893513604189;
6.4392931986589765;
6.329163387747997;
6.610390454520035;
6.537489657511885;
6.528043628845336;
6.448625556278459;
6.456329675824433;
6.363122205960258;
6.329726580757484;
6.363659293713279;
6.441951628539863;
6.503732879358142;
6.5384297664318245;
6.446013581347419;
6.415593335501353;
6.395429986570523;
6.303659141678154;
6.07480251705865;
6.159873055088542;
6.253700562783535;
6.309003329922643;
6.200761112688527;
6.504300901205175;
6.447768598510329;
6.56133297810116;
6.6941103137460125;
6.505264538489164;
6.575275497717905;
6.379657619977154;
6.437496325089186;
6.344878688394985;
6.500225957534399;
6.425465363700488;
6.2621903346899535;
6.367834556580308;
6.242751618302296;
6.248470581373635;
6.427753770404323;
6.427678566847675;
6.549859436284708;
6.514542980059818;
6.611486940078884;
6.521414094867449;
6.490205790000389;
6.299179248889322;
6.472025274528819;
6.267060239949097;
6.056925942705487;
6.457826735615333;
6.300285121868194;
6.299772809955116;
6.390908739321901;
6.277395138724438;
6.210641519127095;
6.160274121831978;
6.290710311238953;
6.333950452737835;
6.33844959008814;
6.386075815934011;
6.2847614554479705;
6.298312352070883;
6.18491892534655;
6.472959452886336;
6.339064558037351;
6.2871351338724795;
6.244303566281734;
6.211619756514268;
6.250559169038374;
6.399091105479252;
6.467063919422596;
6.39084031019448;
6.342384048282399;
6.372733353147153;
6.3357144614065595;
6.241004269020274;
6.388669321491003;
6.32247186729956;
6.361383253582324;
6.36577098166835;
6.3077103604191604;
6.0860883809313595;
6.03790710434753;
6.207100383601135;
6.160545659967021;
6.114475973503409;
6.338226188721551;
6.239407751591443;
6.3187101113272774;
6.205464782661299;
6.4522129510244355;
6.436795810873808;
6.31794572751815;
6.254296307884435;
6.31474790060635;
6.142745610839054;
6.070073421762647;
6.136328544934056;
6.110748011285025;
6.138875382784381;
6.177305086857257;
6.213665285004176;
6.143131040098762;
6.125423763860987;
6.157242037941619;
6.248269737688384;
6.260502132226957;
6.362470865843744;
6.30569076270873;
6.2267481333542865;
6.285014140819128;
6.249832159131039;
6.2067690753223745;
6.245213476086252;
6.263836441641819;
6.344885849822321;
6.336711384892611;
6.281399134367392;
6.308946540190253;
6.352729667781785;
6.300486353604206;
6.341058020739293;
6.468880705904835;
6.385501056523005;
6.434194459009416;
6.44441378811277;
6.447146915364871;
6.539769321136235;
6.599803933930111;
6.670877934194767;
6.627341162698587;
6.741126879363924;
6.690079878988561;
6.422986531694292;
6.549764016147577;
6.421757738393279;
6.5492376136304316;
6.588372167455664;
6.577399850954746;
6.660477566090919;
6.6041536200875015;
6.741529868027453;
6.718241373096229;
6.6327207526782175;
6.548984437585757;
6.6292067848529;
6.643599485659746;
6.653598997901648;
6.750186959865651;
6.75709924672793;
6.690517592562625;
6.685909310605227;
6.766221080066408;
6.65729023115938;
6.58171825685134;
6.786353716981856;
6.684929283656625;
6.611494271266459;
6.627923095804985;
6.587968578260792;
6.645867452721085;
6.701664972316777;
6.6717499150533275;
6.609816295649937;
6.644814158979984;
6.696309172783233;
6.694106771992591;
6.524410842445288;
6.640338113937986;
6.630418462575594;
6.588142044015552;
6.645713542752863;
6.544925398537415;
6.489227166764514;
6.388564367375218;
6.490474352225341;
6.491689398119376;
6.5408666446482515;
6.516765355689488;
6.6068551813804826;
6.566856026411732;
6.4035850567033625;
6.401614582525944;
6.35493628110631;
6.130720719842333;
5.943935758181312;
6.16015450349518;
6.086817171904982;
6.106985759936556;
6.257446527469826;
6.222559935902605;
6.323630140320796;
6.469656400065958;
6.318797156384984;
6.283617895663727;
6.3366979557489005;
6.607378136013208;
6.484288713430634;
6.493496005650728;
6.552714273476905;
6.4072635395102;
6.413084569558359;
6.093767936340197;
6.084339252571158;
6.180068870911799;
6.195048320218781;
6.14697881999806;
6.005122728713896;
6.168341618545243;
6.156555715496449;
6.079140277466799;
6.083673427809559;
6.417483162186402;
6.337462992361441;
6.399844712937225;
6.466340927013221;
6.367723645262156;
6.304993531322369;
6.361971951487195;
6.355806990599441;
6.319234412869771;
6.395409718000045;
6.3192443760349875;
6.324031596717286;
6.193402810822876;
6.150139662092869;
6.159288868890974;
6.168482586028639;
6.204085620045361;
6.111092807581657;
6.069135346764822;
6.336847712549666;
6.2467658595019735;
6.1264607510670315;
6.249665057059843;
6.166161584529016;
6.098683733095593;
6.1279313021449955;
6.163603832020622;
6.16103260117093;
6.152710939359522;
6.209290528961099;
6.022530396693974;
5.944042100344923;
6.115399939105747;
6.005886878112129;
6.04295849480709;
5.926686951870291;
5.999415749416129;
5.840599573860362;
5.846327229195417;
5.953325641364453;
6.080400740484127;
6.150022434732566;
6.050910857139985;
6.118657151558232;
6.033910204069305;
6.242381585654184;
6.294355278867145;
6.316524079119743;
6.322752292821766;
