73
9 -3 34
3 -1 35
1 -7 33
-5 -5 34
-9 -8 30
-9 -6 24
-14 -3 23
-14 -4 17
-13 -10 17
-15 -12 23
-9 -15 25
-5 -13 29
0 -10 27
4 -15 29
1 -19 26
0 -20 20
-4 -16 17
-9 -18 14
-6 -16 8
-1 -20 9
-5 -25 11
-8 -24 5
-2 -23 2
-1 -29 4
4 -27 7
7 -31 11
10 -30 16
11 -27 21
6 -23 22
9 -19 26
12 -18 20
7 -15 18
8 -9 17
6 -5 21
5 1 20
4 6 24
2 11 22
4 17 24
-2 17 27
-1 12 30
-5 8 27
-2 2 26
-3 -1 21
0 -6 18
3 -3 14
1 -6 9
-5 -5 11
-4 1 11
-1 1 6
-6 -1 3
-10 3 6
-6 8 5
-6 6 -1
-12 8 -2
-14 11 3
-9 14 5
-11 15 11
-10 12 16
-14 8 17
-15 10 22
-15 16 23
-15 17 17
-10 21 17
-7 21 12
-3 17 11
2 18 7
2 13 3
8 11 4
12 10 -1
13 4 -3
17 1 0
19 -2 -5
23 -5 -2
65
3 36 -36
2 30 -39
-3 29 -35
-4 23 -38
2 22 -38
2 23 -32
-3 20 -31
-1 15 -34
5 15 -31
2 15 -26
-2 10 -27
3 7 -30
6 8 -24
1 6 -21
1 1 -25
7 0 -24
6 0 -18
1 -4 -18
5 -8 -21
9 -7 -17
5 -8 -12
3 -13 -15
9 -15 -16
10 -15 -10
4 -18 -8
6 -22 -12
12 -23 -9
9 -23 -4
6 -28 -5
11 -30 -7
14 -29 -1
9 -30 3
13 -34 6
16 -29 7
13 -26 11
16 -21 11
17 -20 5
11 -22 4
9 -17 7
14 -13 5
12 -14 -1
6 -13 1
7 -8 3
10 -6 -2
5 -8 -5
1 -4 -2
5 1 -2
6 0 -8
0 0 -9
-1 5 -5
3 8 -9
0 6 -14
-5 8 -12
-3 14 -11
-1 14 -17
-7 12 -19
-9 17 -15
-6 21 -17
-7 20 -23
-13 20 -22
-12 26 -19
-10 27 -25
-14 25 -28
-18 28 -25
-22 26 -28
