2.3758547352398502;
3.0361430475083764;
2.530971896924603;
3.004746548110673;
2.604491631370342;
3.1563918978280796;
3.3726274751604177;
3.400164220366292;
3.3076430497877864;
3.569565731839783;
3.6853545854110394;
3.7222048113328094;
3.809013899528719;
3.7384235816322913;
3.89132562894937;
3.9469641448633443;
3.8129153956806956;
3.8247554867696443;
3.881262977273648;
3.9061260833110736;
3.989859443607332;
3.9174761662974564;
3.9079338773967343;
3.9778567825526805;
3.920370021047577;
4.185161142441738;
4.057230705114389;
3.979995643142302;
3.8805488137268487;
3.864025878439089;
4.303942735606196;
4.092407111041608;
4.0582398165321685;
4.393189872749685;
4.215603488608389;
4.150919090598541;
4.374471519963371;
4.223843149027203;
4.459344930435183;
4.394086578337674;
4.058610198839302;
4.758628519537654;
4.546488604158736;
4.548937130154284;
4.72519428113291;
5.008018814609716;
4.9297539510997295;
4.970836086224041;
5.175811233541461;
5.097021140681997;
5.3322957179060575;
5.408006976992833;
4.747743444733492;
4.667412981014463;
4.867048827115668;
4.670787330859455;
4.682908257352214;
4.496941373061135;
5.242009374948411;
5.108307045022733;
5.231006147585539;
5.2425151416913955;
5.2115827869508875;
5.31290877928419;
4.896459148141171;
4.8421565646855615;
5.0181121955775465;
4.8274964730813945;
4.908067614702808;
5.008433361827091;
5.061056325940466;
5.140047516890293;
5.50047765866413;
5.404546836160319;
5.205064460731446;
4.778936942224932;
4.858544443954129;
5.2202082883618806;
4.822538403728394;
5.009750135409991;
5.273788204978433;
5.382489224873615;
5.514027444764272;
5.269328931846603;
5.4490912958003666;
5.35247336233125;
5.257140250353649;
5.275990171751735;
5.052296508332318;
5.317293422898643;
5.231835955544561;
5.397798799852967;
5.423997111335054;
5.555516946090548;
5.593042188986511;
5.957714283497776;
6.202696819603278;
5.983321266963171;
5.859421652502332;
5.97203404925437;
6.0663832678330785;
5.928582648985478;
5.806203263744594;
5.672113025332176;
5.83832804386514;
5.644756365804843;
5.623298473384937;
5.761308747232839;
5.655994292081365;
5.777707516484462;
5.682503337860139;
5.708730320798865;
5.808760717943998;
5.88645992250639;
5.897592771610035;
5.684430212239898;
5.778494397437383;
5.650385373914756;
5.780141820585903;
5.842251818012818;
5.676037462975993;
5.75592048235497;
5.871162622191228;
5.92910935343697;
5.905053429050176;
5.819150692419069;
5.785331100247631;
5.892839082576838;
5.9184461206672045;
5.965340159809912;
5.849756039512698;
5.909814785047837;
5.850290981716262;
6.005877774320204;
6.049827225073398;
5.992314942901627;
5.876185655040905;
5.83829655863644;
5.822489846304074;
5.620132458792393;
5.75654412279208;
5.838123925617138;
5.865798233357735;
5.8057054538467465;
5.766441715745254;
5.801953374976165;
5.687730828627748;
5.602949132191539;
5.824214507176453;
5.72765389837735;
5.726070131564873;
5.7503760024126915;
5.6510699364375885;
5.710332567530712;
5.58063127984879;
5.691632047574656;
5.669913428809352;
5.5799603110964;
5.667103113397855;
5.80413285899354;
5.739426626014052;
5.7386346936285015;
5.8137405273716425;
5.762826568927236;
5.763728486344777;
5.769392892593142;
5.82343884935846;
5.787001701292252;
5.584337531049404;
5.777874205299229;
5.754187899897437;
5.621264605214669;
5.45160996322143;
5.670066488784055;
5.591659756388419;
5.449065501609702;
5.520503261474804;
5.73198284170884;
5.945788942135747;
5.644722447419751;
5.686226039975846;
5.666347014127172;
5.708503741950194;
5.709981636805964;
5.790432070903558;
5.72934488269239;
5.696670920033158;
5.795082732473404;
5.524889640516753;
5.6267270227827195;
5.877698750439108;
5.4912198933696885;
5.787772673642638;
5.751406744020379;
5.730025024583934;
5.864846294340639;
5.9636547610597495;
5.777575804556345;
5.788329983608793;
5.802559501785383;
5.745225569583501;
5.85731514899464;
5.857035596210231;
5.808421187082322;
5.93463150424468;
5.97266368363016;
5.902339904171118;
6.136092093237474;
6.07619209039322;
5.96824683680063;
6.070719286035096;
5.955046933344149;
6.15998670844179;
6.2706411154133574;
6.145347113034498;
6.249970069287944;
5.981992213057875;
6.034730888176314;
5.970654575484914;
6.146599630573968;
6.122849629687731;
6.147726185406923;
5.917440748818504;
5.774272209025837;
5.861501580288963;
5.856333817831202;
5.90963452726442;
5.837139181105471;
5.992970798597069;
5.887745365735302;
5.984777028358248;
5.966702098566277;
5.9350598331605715;
5.834788143318517;
5.946661719362252;
5.834207666837094;
5.948907164695507;
5.900997285030674;
5.7595312753561485;
5.707261741427923;
5.876224876155499;
5.822246432460498;
5.742530296500021;
5.789263454426911;
5.815204260469945;
6.217024416927475;
5.783940312890577;
5.735581203793424;
5.769027644963365;
5.8157586305549485;
5.883543513482741;
5.8427189172723315;
5.778890993593026;
5.867752238458676;
5.863906027131575;
5.946907797894671;
5.89751928964189;
5.9349812772694435;
5.971093466176605;
5.8781487143745395;
5.891461631947054;
5.8777567197527425;
5.731756502994223;
5.8231409497968745;
5.848498171514413;
5.804857162434715;
5.745383507668333;
5.564438503129593;
5.519062425126946;
5.612324211937078;
5.846513241860713;
5.804177032484719;
5.963602200931285;
5.691665298180698;
5.714509691703026;
5.73984713010694;
5.719051675847261;
5.623096507893099;
6.183778635301175;
6.175977093421441;
5.617785561760943;
5.61370422930072;
5.683933740597542;
5.735237559113208;
6.355429250215716;
6.46651158072474;
5.749647969657674;
5.802948746060899;
6.214776861967705;
5.774237178177924;
6.095372976325697;
6.5083250262193735;
6.4072929274380686;
6.161721166561257;
5.698272110862168;
5.711887444639245;
5.643182906310767;
5.601229133091089;
5.475286221445673;
5.49827130584298;
5.607530924089225;
5.596592378377928;
5.586280014119417;
5.506258066474666;
5.565018341700268;
5.531795484316998;
5.576745677098506;
5.625343759355715;
5.518505226455089;
5.536039611300309;
5.63907615522189;
5.681590678664778;
5.666870565513478;
5.66229832885807;
5.582663365590857;
5.479629621530881;
5.472015464358676;
5.400888634255565;
5.4813632888561115;
5.508904085262239;
5.415242063578313;
5.297608501915726;
5.564839638025547;
5.807145917960196;
5.52278019017926;
5.964906600290732;
5.708492937138031;
5.547736561716749;
5.943068871961098;
6.31907599662541;
5.446553401631237;
5.569373209330912;
6.360306142368884;
5.738594352912019;
6.467890981928692;
6.3724690681848735;
6.508871323470243;
5.696971329654797;
5.737957010804636;
5.548290921870899;
5.678655377529084;
5.687687052097167;
5.50783007444998;
5.495874150524092;
5.674767666840671;
5.836523228388276;
5.682874265318186;
5.609867862394519;
5.576313941173319;
5.788240363499087;
5.804652795607536;
5.849660248789465;
5.571069337250254;
5.969016316819788;
5.7927998531356195;
5.767017615636739;
6.413241970778068;
5.694474442978324;
6.65857450700236;
5.73766146445739;
5.639940124845133;
6.795402576511286;
5.917628209812072;
5.76949223903837;
6.4874313251009434;
5.737969559490385;
5.615116801146578;
5.719578344313835;
6.132537611109494;
5.55469176823856;
5.748557862325798;
5.7399567031874295;
5.653203443866083;
5.496640866335802;
5.773189179687946;
5.681967571245598;
5.810876296433192;
5.751997394673281;
5.624990733764758;
5.655816008483172;
5.838663922778482;
5.76771324059747;
5.836680794503322;
5.763643785690028;
5.4339789540428365;
5.365994664074922;
5.566582179191518;
5.408534598878009;
6.307307257567784;
6.418620035125981;
5.418332318841431;
5.409570219492016;
5.4468506653760445;
5.353177841395126;
6.483717479035253;
6.43733332618708;
5.56752744517746;
5.667811616743534;
5.663867046786181;
5.761868668582249;
6.511573225823881;
6.456313989374266;
6.571945208328602;
5.501207938009769;
6.706147436813286;
5.781044753068059;
5.763497548314162;
5.6705916799137075;
6.630690494919278;
5.584070728217924;
6.602257901087067;
6.592399205509253;
6.518039936973055;
6.617914904133781;
5.8200170817453225;
5.673621138329437;
6.610300561733301;
5.799180460092388;
6.591362513073068;
6.515585115768164;
5.74575650767361;
5.966341342643243;
5.72724906576777;
5.739208043390957;
5.657756467574775;
5.690375953670424;
5.812943479120986;
5.854853960669622;
5.72285161144942;
5.770012761855073;
6.520127634180911;
6.508446697827108;
5.739734294178861;
5.8818134025494295;
5.849463401863548;
5.766686768812975;
5.829448091826631;
5.77140857171094;
5.701991645603055;
5.638719857561069;
5.707970222025085;
5.840908903993632;
5.828114132366466;
5.82844763839642;
6.662048459472603;
5.8391159834683615;
5.661397585476549;
5.6190364440183505;
5.648958776663291;
5.654999364977564;
6.576099395798727;
6.671629280040026;
6.581043564491734;
6.683902448202345;
6.699107366607555;
6.427174633907815;
6.460206789281621;
6.633192176106652;
5.691425436220608;
6.701369482121168;
6.676932558856797;
6.651812303154782;
6.683681403474859;
6.592944380709432;
6.4143428199840695;
6.618351818228742;
6.383879876966031;
5.654542527900391;
6.377568108911644;
6.2586434205016745;
5.648723534425807;
6.553034506582595;
6.695774305824367;
6.562665246822288;
6.534651673598131;
5.6921312984683174;
5.865245922687606;
5.600420806613443;
5.497558164928082;
5.480652446415041;
5.517256243095467;
5.559929728951037;
6.2883827479419026;
5.7178263884401215;
5.727975440456553;
5.482001356321575;
6.639837514722376;
5.7661661132170465;
5.755327009850246;
5.755469154239629;
5.800995548290502;
5.6958598709434245;
5.725063849367608;
6.72761624800815;
5.876860085082157;
5.823882933115467;
6.787173370957779;
6.803265641677778;
6.702610306244611;
5.752784521457381;
5.821196281505536;
5.794622350236748;
5.749974194773439;
5.7338908595832985;
5.696922337054121;
5.451129004006314;
5.800489091021185;
6.597851427269169;
5.893385423018724;
6.702590675510919;
5.793871616423571;
5.861444949909404;
5.905836246987637;
5.808051246478303;
5.896653530731721;
5.877350003035203;
5.798070759876109;
5.753638315997891;
5.617101566840185;
6.620399088819728;
6.602421476991409;
6.520748125932411;
6.6730463695463405;
6.6951630585734145;
6.6665652601554655;
6.6627544690984415;
6.3034910200019665;
6.260909709575634;
6.040577823717127;
6.4009455121544585;
6.442413604299453;
6.409504439569932;
6.406879773068976;
6.003995639803039;
6.129730652474712;
5.795533691548556;
5.898775504600078;
6.168969290373462;
6.007117947783191;
6.186923216662911;
5.98038862346598;
6.04367041984822;
6.380443880956739;
5.71761424435969;
6.0032077597466165;
6.077280606524594;
6.136917587933501;
6.430952916943927;
6.359188432914053;
6.38078652548206;
6.3848689002946335;
6.601981788082446;
6.662579748340296;
6.579426103069096;
6.945114465785357;
6.618001112097673;
6.644921816818727;
6.7928400083492955;
6.684468118052472;
6.5781407288532545;
6.541763916486195;
6.584997444999357;
6.5801108421198125;
6.545777891296833;
6.690127984292614;
6.810749725349436;
6.7569320136917606;
6.694419630875102;
6.621229025397265;
6.679646170553449;
6.6419053845548826;
6.817847632775326;
6.790499638896818;
6.877021187879778;
6.9406227749425;
6.789029199561196;
6.928878878146929;
6.763164619630596;
6.662613868980017;
6.758750961905687;
6.623297336235065;
6.783195682543199;
6.90803217019383;
6.829245342516896;
6.790465445180649;
6.473742258950214;
6.519246007526641;
6.599468286203613;
6.628722774216459;
6.633065295200683;
6.513623552508032;
6.441894626966579;
6.405569579891557;
6.461816083004956;
6.7466659227073436;
6.640596483760414;
6.7099056237831025;
6.979145344324498;
6.925638649220269;
6.919304036913827;
6.983963944292703;
7.041841075480849;
6.812188460315664;
6.931218665698483;
6.8489746715836555;
6.7788904654476205;
6.860196890102306;
6.858467063926239;
6.828696524545764;
6.828981871045642;
6.799849869945887;
6.630039410801789;
6.386123714201929;
6.715073573173612;
6.857546096765936;
7.001642683284103;
6.973199125865837;
7.048567150023596;
6.979849833046266;
7.029597836195533;
6.899208929892066;
6.79360390255217;
6.847287945939017;
7.005300592878802;
7.321646009400198;
7.5127500587321565;
7.499199539135557;
7.399174356472698;
7.306693570204698;
7.346630474216325;
7.327537455614626;
7.245606767615341;
7.284654088785448;
7.076798319936868;
7.143933164166089;
7.084494689432339;
6.9955940246883035;
7.017956082398251;
7.231107225803094;
7.037727839268739;
7.087109687255071;
7.047263719808467;
7.2715511764336425;
7.3189393133187455;
7.187784752515403;
7.2133650746321845;
7.168976541042439;
7.240133814125947;
7.15061271640552;
7.36026559181246;
7.167358835829836;
6.969383404377818;
7.013560186799461;
6.923016331145822;
6.699141083937898;
6.787802291622006;
7.144200316704003;
7.315194628260579;
7.2247887233186;
7.335079221815233;
7.144894277711514;
7.1936378513240795;
7.3124032341251555;
7.586414807727369;
7.400342353663107;
7.471347213176857;
7.308483818351759;
7.264150230304608;
7.564879134604608;
7.194863106459667;
7.087485567816052;
7.6301158715041675;
7.6595841838371115;
7.441842438815846;
7.228167251279344;
7.293900323735402;
7.242458861746709;
7.249698888928686;
7.2058389459263985;
7.092214785487197;
7.055658014498584;
6.877307653002377;
6.913638748474081;
6.976801288146473;
6.93007711337213;
6.798408513186602;
6.682250165436966;
6.671346844718692;
6.907314398740998;
7.026946628310439;
7.01163648521232;
6.7237683338568;
6.796612848735707;
6.746648191594012;
6.62449199711611;
6.789097547816128;
6.920302699897554;
6.7383949365759825;
6.7344600699910355;
6.671522862569811;
6.804781006513657;
6.739190575355257;
6.74140665192636;
6.777386492320764;
6.679810674032604;
6.771263600886364;
6.833437146916727;
7.087202197071023;
6.918847561624909;
6.6981613782091936;
6.857202626615913;
6.853583532964161;
6.727483196308075;
7.040702397687343;
7.0139423759847235;
7.043365561118183;
6.872795824348736;
6.852411534146681;
6.788988547615791;
6.716074058064874;
6.736843816920141;
6.9086310295477045;
6.8530672030852395;
6.783390978144746;
6.865694135179939;
7.09368236083364;
7.167938178885072;
7.062819983453718;
6.989708239335088;
6.996212348712529;
6.838549895751202;
7.183070704773234;
7.110674380419585;
6.879211527623661;
6.827489273443888;
7.086031101023143;
6.97990284540648;
6.773290484095688;
6.670141513760848;
6.791257717411077;
6.721254210404941;
6.7508507096568104;
6.774123711999338;
6.574809917627213;
6.307559535123095;
6.426011056364077;
6.353755992195223;
6.363685638060849;
6.5096853613952605;
6.443161813223757;
6.4791189899846815;
6.370677949305791;
6.42661014593733;
6.424398167033237;
6.326572200442163;
6.48314439062302;
6.53317867330189;
6.497001478051685;
6.607284943077969;
6.546967984030528;
6.492280748316784;
6.518717945743189;
6.647471082016906;
6.634249306952928;
6.63041855061182;
6.506975037952659;
6.2763797657980485;
6.438586252212728;
6.408204693838662;
6.480374244345023;
6.5097503648816355;
6.6183386283526255;
6.520302501839131;
6.340133862035613;
6.505473658799459;
6.526639138092615;
6.373497072203933;
6.361396635301605;
6.487673059406661;
6.604862278930857;
6.406231598638907;
6.434818002545119;
6.275333696058297;
6.482372908841507;
6.350079166887737;
6.496428944342451;
6.70269805463874;
6.54908901338657;
6.777140510560277;
6.992951406272276;
6.870393887224039;
6.879326352839763;
6.83933736646132;
6.770050305661889;
6.641418110105614;
6.645527958118498;
6.552840748268015;
6.6139267436349325;
6.8956715199113106;
6.756057476213084;
6.680199166612121;
6.644581854055322;
6.317453967641434;
6.302606782092935;
5.78408190235034;
5.872027144202377;
6.639141378416592;
5.773686750839805;
5.833820219089524;
5.887131854490244;
6.724025193597374;
6.78678087610539;
6.807876288448441;
6.560197554491992;
6.62464156033696;
5.704266895822845;
6.575406706960145;
6.565843055521781;
5.930161591242329;
6.683113099819167;
6.6553526683503526;
6.719994707844524;
6.6607065507819065;
6.554837223651854;
6.530372922894556;
6.521617610395673;
6.514665835455578;
6.520809304030607;
6.383205336258198;
5.771334443730634;
6.6212610291932785;
6.618995543611864;
6.433247892427873;
6.5094783604520146;
6.477260960698296;
6.306111716919593;
6.500591975064829;
6.450245942843809;
6.496225965781862;
6.580520066488823;
6.622563447906728;
6.52615825946978;
6.3289902281633;
6.643154319455994;
6.603596367593283;
6.3817784618670785;
6.210617918281495;
6.3325274718529805;
6.37270089719121;
6.427571032701293;
6.539328149355134;
6.569608879145642;
6.295712635089251;
6.320590961156835;
6.305837634592817;
6.295833832698011;
6.557642702834653;
6.452686162193808;
6.341807333280442;
6.490987371820202;
6.31512299750623;
6.344023207414772;
6.4476204800792525;
6.333050966500307;
6.404144272205309;
6.531695759867955;
6.364512179331146;
6.393321097513323;
6.501853987976896;
6.422302110074178;
6.417489890324089;
6.543770099506764;
6.596615151582668;
6.442598259542288;
6.743134813794718;
6.540098912380795;
6.630643257089607;
6.500079451882086;
6.643584706739579;
6.478764576124049;
6.470704040596857;
6.567990602451024;
6.573163472038825;
6.488747127686876;
6.407922540105668;
6.5406382975047626;
6.642999228465191;
6.622376825443672;
6.561767939371804;
6.664417951586135;
6.4823252057386105;
6.6046524192722975;
6.396609927952284;
6.430880591818996;
6.352833871763625;
6.512431983720557;
6.286616158960102;
6.7079302199158315;
6.703848729177008;
6.722994819785798;
6.610989561172406;
6.545553596261584;
6.550444280165059;
6.282950396611402;
6.233727761416964;
6.341612196451498;
6.401845771029566;
6.384524856505233;
6.489227514418847;
6.517686450853146;
6.506928729526474;
6.579188480625726;
6.7329656590343285;
6.5864014062660985;
6.583983383231613;
6.519076400216592;
6.422192808490995;
6.556452677206322;
6.5465444609156425;
6.414561001394914;
6.466971698506297;
6.735277230408046;
6.57197969360429;
6.500721335600587;
6.736744471896187;
6.523144736673202;
6.5021546811739315;
6.463888128807393;
7.107929406611937;
6.91196522175751;
6.965168394948963;
5.8171509324327095;
7.219220413065461;
7.2697860288214935;
7.319604929510499;
7.149291420187676;
5.833069576343987;
5.83394794782106;
7.079732883185007;
6.205931100211595;
5.776504885100786;
5.8379276097839545;
7.1747875386563695;
6.361363759252383;
6.417850862328407;
6.419315846086407;
7.349535970093835;
5.877447031697174;
5.912399022444282;
5.860128959856424;
5.876229406950981;
6.472016087613215;
6.420638455042733;
5.882202180712791;
6.492185319406829;
6.610038583031478;
6.6350063285557;
6.5917968824785715;
6.704672277629257;
6.489735966025525;
6.598684263537244;
6.523970507638052;
6.49453513668494;
6.4538284603330265;
6.462963813678392;
6.916450952688516;
6.78148641172262;
6.456140437537706;
6.343010933421641;
6.40409736625109;
5.985623542226732;
6.434696699507719;
6.429905558766974;
6.3942659071147405;
6.485021188897235;
6.96377202910426;
6.099169249061133;
7.486559310970672;
6.154657200474034;
6.513359394820763;
6.604407712395182;
6.548904937883275;
6.730256267061674;
6.21649277888748;
6.6821161783949465;
6.592036696589787;
6.6905497446818165;
6.703860097578874;
6.785136263967018;
6.730251827225191;
6.713642233721767;
6.845791247681616;
6.846863613715649;
6.296544685730638;
6.835327040776111;
6.1989518975749345;
6.732901642745498;
6.7602978719009466;
6.784894280006275;
6.942758666174667;
