2.1649409703768563;
2.607220432920297;
3.063384590936324;
3.1329487715020625;
2.887088171905346;
2.8456679101364117;
2.722707132106958;
2.84545166802331;
2.758666416343834;
2.885503006422251;
2.8670796788102657;
3.2299658286530426;
3.3020574054854666;
3.520823879975275;
3.4800783640685373;
3.585504066633016;
3.6312216884060695;
3.6604246507145017;
3.6250950786677723;
3.634576239307097;
3.5461041518928145;
3.5100212270640845;
3.430831317294529;
3.4786919390248805;
3.5300396783407244;
3.4836210044095366;
3.111616441850203;
2.809187388281197;
2.7599900654762077;
2.79285436082851;
3.2167268889428073;
3.41730951032491;
3.427611073475538;
3.4644902767534056;
3.5405420319116208;
3.4228204096564;
3.5365597631735364;
3.3626325159741537;
3.442454704236553;
3.3925611544086918;
3.420550118031542;
3.6029859952024603;
3.4659309901488005;
3.0924267595696557;
3.0621567852034604;
2.9918642378666576;
3.3610303160568087;
3.0847507563430288;
3.2349708859168724;
3.4910051095587114;
3.452952567754843;
3.380481418590584;
3.5064050961531166;
3.276293365366634;
3.4352144147195816;
3.115923529602934;
3.117449001734208;
3.3951304965077913;
3.2642322760609526;
3.3589562750700925;
3.31027176852635;
3.1890542921107676;
3.216967689992757;
3.1770712732339175;
3.357745324346238;
3.571801084377719;
3.8506745628573302;
3.5405889634906598;
3.2454557577009333;
3.0665988697921156;
3.0774808019372437;
3.2193622719393358;
3.132245559217994;
3.282644432808795;
3.3184684761035363;
3.1684276195475296;
3.24119636828079;
3.2164048557216045;
3.2806050473755084;
3.241936233138273;
3.20496624597959;
3.132816348133255;
3.1500148782868873;
3.224258262002615;
3.178762760699703;
3.267891759360905;
3.2746560753807388;
3.216943725595299;
3.243887183232226;
3.320220900614751;
3.2350976289705193;
3.183977701216449;
3.2449713254623394;
3.32858757713861;
3.323819566489834;
3.4188354038888855;
3.4027897605554926;
3.6005900421985597;
3.6987402945795234;
3.7563917289172504;
3.504320037989408;
3.562235833602344;
3.694985679682111;
3.4050346605730457;
3.5832632423158586;
3.6121816282312897;
3.8755187087330705;
3.838399785073883;
3.831586414644052;
3.98566836008288;
3.938353717462554;
3.8924305481093473;
3.9268970653325965;
3.862973647650079;
3.913476529524236;
3.9779805514458193;
3.8520433191929992;
3.858069599855067;
3.917807852842704;
3.9884313364774626;
3.9552043951721942;
3.9802808382374812;
4.040406861464523;
4.148424130062351;
3.9463117905158374;
4.195937537418931;
4.557068495378884;
4.398106623563489;
4.488540464882816;
4.490384915718277;
4.374634531838075;
4.395057623027701;
4.0634906180248604;
4.181141035773662;
4.398411282149351;
4.43710600465113;
4.404387040494948;
4.708387532742338;
4.823438251511928;
5.0949975462479635;
4.595676131852006;
4.752562044744278;
4.624758316084895;
4.566098275438646;
4.57314265535811;
4.804157100272915;
4.842100446911166;
4.8934301224832915;
4.914255454087119;
5.06995395860943;
5.0352207355646605;
4.832174273727056;
5.211259460878777;
5.090077701709359;
5.2107714809349295;
5.199610787401338;
5.426077120355711;
5.564997270439616;
5.486545400458164;
5.1903523365576785;
5.2986466707203865;
5.413263844375291;
5.32078524767268;
5.161841917627655;
5.141453669957818;
5.1351845038446635;
5.405979328345555;
5.347253709549865;
4.903668627230916;
5.0307102024342685;
5.261886868494908;
5.122885439061252;
5.091983126863537;
5.417240960806989;
5.764919857359338;
5.877817843748832;
5.8697596504746326;
5.7015993813622705;
5.774753855447375;
5.809480681753808;
5.957991628045424;
5.651359708123973;
5.348769437013549;
5.316665893556677;
5.321120155444683;
5.398578114988044;
5.807475724647136;
5.553457590454168;
5.3116599488504805;
5.03687665839845;
5.065606156777871;
5.18259312096627;
5.2099272140245;
5.520987933751309;
5.3780060501520754;
5.414459858228431;
5.353532510302727;
5.485679968570429;
5.575235554179302;
5.514457840380407;
5.2908850422822535;
5.451588538238003;
5.414905665140798;
5.475937781661567;
5.4374486218017815;
5.3893169261842715;
5.224284014532294;
5.266557382132897;
5.111053641472463;
5.116335543746512;
5.323611841722677;
5.177722953620466;
5.275304434460471;
5.127608287755145;
5.29890011827884;
5.344253348929531;
5.189479129677581;
5.351070035228008;
5.263524702143672;
5.551195854355786;
5.455329418314574;
5.326543167999796;
5.421055928264974;
5.4565936621319535;
5.855992837711724;
5.785989438884884;
5.7965959413317725;
5.848097285654921;
5.762598893043378;
5.729341207935877;
5.264510059030423;
5.123946862134676;
4.896744003192817;
4.682115107040323;
4.925422828124388;
4.94588290987045;
5.047991762677598;
5.010454258654703;
5.1482378881412325;
5.166072602496244;
4.918942299472272;
5.0218878821763155;
5.131862540861809;
4.878708069493742;
4.962962860149322;
4.998210233878778;
5.133632269658259;
5.116355183536881;
5.0148914013346975;
4.9000966903236565;
5.236225661492901;
5.327769982234573;
5.213937126371666;
5.344037189871512;
5.451586097890928;
5.563836491329008;
5.451453171940016;
5.476543226211019;
5.276113693896;
5.179912466814775;
5.2284482585008005;
5.328147627909078;
5.139963482971688;
5.041332325392141;
5.112999300806033;
5.284526021937531;
5.239539816430314;
5.065758714918846;
5.149269991976018;
5.178335165334202;
5.2319090950186995;
5.2819423036804265;
5.3406520799795905;
5.472791007905066;
5.404960476362976;
5.724842236371464;
5.555377878164971;
5.505018676589566;
5.524113373894702;
5.609718125146409;
5.233710647299258;
5.666209188702781;
5.635917734771452;
5.598651861523487;
5.726052434312092;
5.610116878164369;
5.749996595446779;
5.800038505462912;
5.859614035935568;
5.779489264793424;
5.59816337437666;
5.41409928317393;
5.525698214804825;
5.818881868313859;
6.0068314225262585;
5.829265012093719;
6.1803119781956495;
6.115853553120874;
5.967662946074461;
6.00942318319689;
6.18705747182443;
6.179127512770967;
6.1547680941287135;
6.3025851660497425;
6.17201701104261;
6.12739599006135;
6.101149780466613;
6.370534989148634;
6.2205670961915365;
6.0890865402907846;
6.186980380265904;
6.543504387509734;
6.7162353586227965;
6.485903992137882;
6.347281483801079;
6.369911517043213;
6.220362065465484;
6.3831420739907845;
6.270403577432959;
6.428959769992033;
6.364035766747963;
6.476380393637938;
6.344512229010934;
6.251569340590309;
6.641162119209296;
6.601782172365851;
6.464233008081455;
6.572609248174042;
6.495937610252517;
6.488397102525612;
6.574107158239289;
6.644814372373626;
6.556713572092583;
6.698900622623646;
6.769765315393335;
6.468704315527683;
6.656529946742023;
6.775338220622295;
6.670149551237788;
6.866133671672032;
6.754269190518756;
6.743716053841164;
6.6665662470812865;
6.721333863920898;
6.2691023764223335;
6.584968251081315;
6.427675599172112;
6.679825794977269;
6.529564860655358;
6.862276182206963;
6.851474567764155;
6.702217063027194;
6.5504086260267576;
6.7579737575637555;
6.7539920519570495;
6.951601875052176;
7.03237526005073;
6.90318650885566;
7.110692057998945;
6.88632116848929;
6.241479099815713;
6.5884633465700295;
5.817530299173549;
6.306613152771934;
6.50698500946452;
6.359763110471004;
5.9616467325279485;
5.8907956839484985;
5.866158521598638;
5.9711037182768365;
5.83227051301492;
6.264527477886538;
6.363670576325387;
6.34090735903554;
6.315224617039102;
5.763447742552844;
5.751803031135374;
5.861927082516374;
6.721392248779211;
5.977161424855215;
6.168290329935644;
6.209972798519357;
6.119534308482319;
6.151994536186414;
6.236789340561365;
6.62143335875089;
6.817080857031924;
6.950693334627327;
6.9476541702682315;
6.56860635153799;
6.916810745705724;
7.057560078938549;
6.938097544046258;
6.4286827827184645;
7.110248839606692;
7.080319189962185;
5.9807871773899794;
6.06588324106044;
6.002315042798342;
6.7505504376818966;
6.816172469423993;
6.786808861656616;
6.379875836096479;
6.336972206116104;
6.010451582440726;
6.255001843248492;
6.74995936053832;
6.1652972959934775;
6.248785048155355;
6.160470859643504;
6.3291980762074775;
6.20903485338779;
6.738835680575931;
6.767283687958898;
7.139283757657626;
6.770057722238711;
7.11597165859835;
6.426438331179564;
6.448158640625422;
6.367771077363907;
6.365979543566489;
6.521773847236478;
6.940924452157138;
6.801395402800653;
7.095289040190313;
6.762096559122969;
6.54758289963918;
6.994803756664588;
6.81720219338025;
6.775732474542942;
6.5477673754457255;
6.7782792048734715;
6.942711445714922;
7.022871969508677;
7.150201274413714;
7.1562808562913895;
7.082505804292397;
7.006651586430023;
6.694347960803875;
6.7375996845261295;
7.012541283988585;
7.230629201643826;
7.456722660802735;
7.373625913069175;
7.019850324665522;
7.0535816822729505;
7.076942682612933;
6.925235281799984;
7.051690382867358;
6.709954990783917;
6.717302422714784;
6.771668614989675;
6.735955537885977;
7.0812874135856925;
6.555006850615201;
7.756256548402384;
6.712956693816099;
7.703241190482309;
6.585354031483116;
6.461618519439463;
6.439828534678927;
6.364211386097078;
6.833493829558922;
6.988882080595344;
6.951045586883854;
6.833818748490862;
6.980771021394684;
6.79665763959117;
7.053222859433941;
7.054957002122313;
7.121178737019243;
7.303075707604961;
7.12198478794389;
7.040157652455857;
6.405878258075333;
6.9004152915672545;
6.89954099338873;
6.578913642639352;
6.780305315922905;
7.070676273497226;
7.006374384539134;
6.892824145926791;
6.675944683836555;
6.598654198989457;
6.734934937674843;
6.91554397736585;
6.701201842959968;
6.979765511675538;
6.782163497228678;
6.6725277896601956;
6.957562076642897;
6.921038806162041;
7.166850260461485;
6.772400922104486;
6.633417908008389;
6.6661245544378085;
7.113786253508197;
7.3542552001238315;
7.240361072527822;
6.909386722906955;
6.737664779030435;
7.154460894541757;
7.239734891733972;
6.95741611045408;
7.182860933549221;
7.153965431697941;
7.433821986795384;
7.813773868143757;
7.185077282397766;
7.26462322569311;
7.690911737963111;
7.327344666322428;
7.403512394730508;
7.632978454613639;
7.708390158941157;
7.728893610419083;
7.694254212521454;
7.640443327509406;
7.701680638345579;
7.93146468943589;
7.392498317049675;
7.549855744708836;
7.60052218143205;
6.719596483269158;
7.284930867427024;
7.260266322715254;
7.178351318045019;
7.127728056900191;
7.340669044451659;
7.469851458027828;
6.924108602318159;
7.536105779241081;
7.424404472613534;
7.014987244054898;
7.066062552340434;
7.224065665706466;
7.2780173247548126;
6.613385171682688;
6.896116214734178;
6.762429219162863;
7.082512893323651;
7.064751143848095;
7.213096828772592;
7.0467452717881995;
7.492142721966501;
7.685252135048389;
7.743293990924635;
7.585873263067634;
7.797273795605368;
7.7275199152344465;
7.034209072915728;
7.640357939269509;
7.881602387732667;
7.904028026297948;
7.754582139504661;
7.8772168698702;
7.836242044757713;
8.326158089907617;
8.409372529171268;
8.427998347142177;
7.8485671078813555;
8.106920289584902;
7.8517582640153005;
8.083809306915258;
7.8466694203305165;
7.793865522978498;
7.842798256422678;
7.8019987404652635;
7.891093161964619;
7.951344719527166;
7.776800359839844;
8.054943959324731;
7.841731084840556;
7.915209813200871;
7.84748286519083;
8.135678074487162;
8.123801316390935;
8.396178950612569;
8.430084965909485;
8.330739693501801;
8.609363031885465;
8.269532472944245;
8.68905846380336;
8.334372852427608;
8.320144409056386;
8.364849383241848;
8.04930318647294;
8.146354727879949;
8.468990885497359;
8.2461079480343;
8.21284662498532;
8.215212090959605;
8.255653208836346;
8.109293191816693;
8.028445170653379;
8.279094688413256;
8.285062934236507;
8.043561389544323;
8.0566742412611;
7.930506735358933;
7.842382809497995;
7.65996325078106;
7.804457119454354;
7.718929756476134;
7.770161551590497;
7.8883215706054814;
7.552212989876038;
8.033515126944282;
7.909165832541961;
8.039184622966596;
8.0699449067621;
8.113838670406466;
7.578636787466595;
7.693989355456192;
7.6646215537587565;
7.634330193807919;
7.588876793892697;
7.951887964869133;
7.705065296420793;
7.718024101485032;
7.481086103127527;
7.825786112792863;
7.8200456597597245;
7.816044013193706;
7.776185021986108;
7.985774267797262;
7.526343386514655;
8.057116349969144;
8.072853915590569;
8.048150482552774;
8.089191866575616;
8.095819122329347;
7.880025453840773;
8.046894237337305;
7.8427265336461245;
7.885872763117605;
7.738814508674294;
7.524931488564333;
7.873305982954965;
8.127976535657062;
7.679264391592182;
7.79309582811574;
7.7545494497075635;
7.7733029117739205;
7.868955060001952;
7.721630958015923;
7.459490404278775;
7.552568863002356;
7.727366293810877;
7.628059211527526;
7.798501506335129;
8.099200458601166;
8.123085591298688;
8.149000615146901;
7.926030621455397;
7.772904141692402;
7.80098176452275;
7.71212049104631;
7.662628827501391;
7.56860299575381;
7.649858516702758;
7.558524559546573;
7.566262736772363;
7.322933948512098;
7.624293531448806;
7.583396251164673;
7.8884745427946825;
7.666794494616413;
7.8658780498811165;
8.122954436811389;
8.183572536928214;
7.967485177257387;
8.047388893173881;
7.944332376306032;
8.240298860215542;
8.298807262989781;
8.155699800058372;
8.132454728971524;
8.08583124051496;
7.8430759024546415;
7.969827118652635;
7.58855418031571;
7.75161971989575;
7.865043439540234;
7.985913607312777;
7.930087870318135;
8.26891015983345;
7.9692748447343575;
7.7704301304476315;
8.378961348338294;
7.963930216208674;
8.088951926816401;
8.359005942407276;
7.97168857582348;
8.115743545457269;
7.945756453464318;
8.149535808231727;
8.11766242435125;
8.069015933797715;
8.189653774143126;
8.36592439256;
7.9513546168004225;
7.921827899528077;
7.797600839184718;
7.685633674614182;
7.760752226600255;
7.801981154657782;
7.903979292823403;
8.395180711690097;
8.01677682940131;
8.060390100948586;
7.8779105386704895;
8.118776591838794;
7.914417362204294;
7.877527895907094;
7.7905870704878675;
7.841042564606367;
7.8367409277046916;
7.716960937127818;
7.6071818007428345;
7.723601189898494;
7.694636181314564;
7.7142938053734555;
7.789035148075778;
7.531037503476058;
7.413335474855098;
7.787122092060402;
7.536097252742639;
7.727292025907947;
7.8586755574212805;
7.7401658281736285;
8.018148709888811;
8.619728867220864;
8.604247927624245;
8.767764103203625;
8.852488643977365;
8.532478090262327;
8.477955347672207;
8.285442467647995;
8.479826166001939;
8.469156270763612;
8.477974496152303;
8.357547743877339;
8.273674345559002;
8.643580701990768;
8.305288505610608;
8.333485744320848;
8.406150965358341;
8.73102780371867;
7.476657727763501;
8.527639187869989;
7.477114995027222;
8.547520512667171;
8.45928632844523;
8.534686364575993;
8.473735921460198;
8.494795363937747;
8.366699783237298;
8.086450408281447;
7.974350916694872;
7.876858575625885;
7.879510472045583;
8.174153291987029;
8.162102461295675;
8.106510607662372;
8.062611015038256;
8.286625456351503;
8.218797193189426;
8.291434952601247;
8.07850650748357;
8.158628268782676;
8.168234381837895;
8.193615255976992;
7.504868382237072;
8.229267811859913;
8.52094207078793;
8.351185606029489;
8.281773630776495;
8.213133784211994;
8.345347409067184;
8.419512209509364;
8.448193424297939;
8.410090430335678;
8.514651425850525;
8.330823202569327;
7.853335957263947;
8.338685631101782;
8.637783259358448;
8.31932197214469;
8.331530343943783;
8.570297270918493;
8.565485776883094;
7.894701927347502;
8.34244604146325;
8.92384689838579;
7.901425307034192;
7.617241329530789;
8.690959909982563;
7.508772051326256;
7.270912864392527;
7.400044644170687;
8.261377848207813;
7.713591807552542;
8.560653442355285;
8.448973996583335;
8.334409376065915;
8.108052450210376;
7.9862058031528225;
7.959074683455472;
7.993579727784782;
7.961437328710512;
8.283331682854103;
7.442020252741218;
8.18964152999935;
7.57808773808758;
8.372620027844427;
8.54800750644725;
8.83670214577049;
8.732055251450962;
8.767419489031834;
8.574625061468943;
8.139419785128092;
8.400203533232954;
7.389833199682976;
7.237272393549485;
7.501014037162542;
7.251987553809381;
7.183393356821649;
7.280693242406233;
7.112925525060913;
7.155851616888225;
7.3704883577926275;
7.214606392530178;
7.318906743846638;
7.228340621540977;
7.262728500354866;
7.313050721849374;
7.504661243422197;
7.5166016940913325;
7.485771325083142;
7.51289154385844;
7.426952601762843;
6.999236365501206;
7.054638259527157;
6.935157522223458;
7.308091687473999;
7.139611903502317;
7.2626161446179625;
7.284214643960823;
7.1904868670216695;
7.3681196090795105;
7.585693030125637;
7.685243093094796;
7.410668481849985;
7.383647926596678;
7.3895287343760225;
7.276536754653435;
7.180933435178885;
7.346211080597134;
7.004347048620368;
7.461370822615864;
7.6221088735546365;
7.362304969538209;
7.493929369547179;
7.35918940350684;
7.408825427281657;
6.940993720045546;
6.99821410436557;
7.073515034543286;
7.3624626657200025;
7.62307702795993;
7.261941463304955;
7.375346689214747;
7.399381090260388;
7.511579341358698;
7.239377587625101;
7.053103009867936;
7.054236565000718;
7.168584965261295;
7.063374135588809;
7.258204064894061;
6.9987818793528165;
7.256081888168416;
6.845984257783729;
7.695237532048796;
6.954167883981633;
7.455394683733397;
7.478746858785928;
7.341852078773595;
7.555512582310517;
7.5100866367658865;
7.437355960572207;
7.473223849199919;
7.477979484861124;
7.588227950353385;
7.298845752713931;
7.156204040319366;
7.374585506232772;
7.338540575830789;
7.334009188181619;
7.519691671990241;
7.657936913494371;
7.729426557520099;
7.5482915939973845;
7.519294746668881;
7.653248519241374;
7.580274877931382;
7.747844578821433;
7.660454368931529;
7.458805448785593;
7.406129055828237;
7.455689933368701;
7.853018324922128;
7.313657173196741;
7.537154528612862;
7.5576413444333355;
8.88744973199805;
8.02518084712326;
7.600012731458204;
7.6919966071319;
7.848140100650796;
7.632251048631843;
7.529653674553844;
7.621377916349;
7.647332509960226;
7.528620893203576;
7.616796811500999;
7.394904320736679;
7.697450999040161;
7.660406478006033;
7.787115362563605;
7.8892633041265885;
7.621585858004214;
7.916634500453985;
7.790704948635135;
7.809107671990169;
8.030470787466855;
8.200933170851997;
8.253723954499716;
8.287423671201111;
8.262324350618602;
8.313549954537246;
8.296667882388773;
8.254101506984238;
8.342428516359206;
8.307603013196882;
8.559062678298869;
8.217154211130165;
8.240929005935074;
8.207608638634744;
8.170344519505134;
8.056736494865588;
8.221537481354819;
8.538838889589504;
8.334438547709619;
8.338788497460067;
8.202194391506245;
8.03198881659065;
8.435301256449048;
8.257233894718663;
8.075921358807271;
8.027581413675144;
7.93997199717291;
8.14628499032793;
8.479260035901822;
8.289018868283891;
8.161994766966718;
8.409535411227253;
8.629368950761153;
8.364617012395264;
8.583419720549132;
8.593623630407858;
8.70536519941402;
8.313870258052273;
8.14718890029724;
8.198888529465027;
8.321079010901833;
8.33601543706375;
8.394647843439747;
8.636631047490061;
8.65776217252667;
8.456123949490605;
8.36324148700067;
8.417850830699635;
7.976969639095551;
8.2220261444622;
8.162371926290673;
7.975418300043494;
7.911853692184409;
8.110602756921244;
8.099327388858908;
7.969256492618741;
7.999815559554728;
8.069897142525901;
8.186457216340594;
8.27712796380155;
8.31669957216896;
8.280225381840706;
8.36747679218171;
8.228044715496184;
