1.9720649981571832;
2.3692551321444277;
2.2686957177351146;
3.0642409570578275;
3.0650672188851926;
3.509586302603854;
4.024888602598975;
3.8514644374054785;
4.446340858495855;
4.403082357046542;
4.004652794858279;
5.2178813128406585;
4.175845820462139;
4.360360289183237;
4.433265329600415;
4.497083668222812;
3.98937430474849;
4.044975418159409;
3.8739453519616496;
4.410535087563583;
4.029793973107446;
4.554289152767719;
4.454437606760134;
3.941904075939564;
4.290042523577226;
4.392945497827635;
5.316505123555681;
4.8331721596062405;
4.928462881826828;
4.697761320107435;
4.9035029827142536;
6.12147356589704;
6.701623345600253;
7.75617203754901;
7.103188334573149;
5.644992496173857;
5.832021995192651;
5.599561347007389;
4.805682263490935;
4.918206527858733;
6.833562187333385;
6.485354336891427;
6.219623846106234;
5.98784226215246;
6.751398822529554;
6.826383766878838;
6.138885561526417;
6.1043747938398285;
6.415450393268052;
5.362036697103909;
5.006999127879343;
5.479927641599727;
5.312782282936527;
5.306659208582535;
5.885360130154304;
6.118379499967977;
5.070923128191036;
4.838914829287762;
5.59745352915649;
5.756303335434799;
5.4284671955428845;
4.960356636336915;
4.388381102365413;
6.7238303774173085;
7.689110281543382;
5.331850057878226;
7.658274442444091;
6.913575374785438;
6.258276479841634;
5.653124369105827;
6.024072654723482;
7.139682327390685;
7.862833397382027;
7.667418816054629;
8.401872451756187;
8.837399341234812;
9.00595221964049;
8.04478254820841;
7.585954267329358;
7.513465275940271;
4.89814074745166;
7.85818373325634;
5.459547255632633;
8.713232588317846;
8.194012774076102;
8.098914816558056;
8.639736875456968;
10.290903549263321;
9.462608922769247;
10.355259816399196;
10.03431751954098;
10.96760398950928;
10.808426263729972;
11.138632536529387;
11.27612835424558;
10.59192415549979;
11.14461432709939;
11.546231831700371;
11.38117022020577;
11.496511954907914;
11.690776413656964;
11.979593503007946;
12.7585887998558;
13.872971905313452;
13.370114653171402;
13.43058929763409;
13.332067507755099;
13.536021543476462;
13.505686773636445;
13.132876780479998;
12.891049534491497;
14.133283832647976;
11.624544002187154;
11.845863142634554;
13.386967844401315;
14.457269212452932;
13.236334142781786;
10.345023678578118;
13.11636115493837;
12.040590622867276;
12.483670279246697;
13.155745972001405;
11.227661496065103;
13.0723085336721;
13.963361227567944;
12.408995479628597;
11.6492607924279;
12.467276074666813;
12.250375293290272;
12.806947346344788;
13.421450065890578;
14.860020769058037;
14.393629330787709;
14.596938705707183;
13.999015022371514;
14.702779011816665;
14.221773572051553;
14.428174600851442;
14.384741360519628;
15.203411612969541;
15.544908493845266;
15.571949609786708;
14.898864218741982;
15.433832696725283;
16.369396537482196;
16.616654158648906;
17.34714517650308;
17.851954987531876;
17.829552638523694;
17.75744100528775;
16.673033445235163;
17.146329880449265;
16.935499905700915;
16.823191590836043;
16.840522985696744;
17.05173861003279;
17.15352904469198;
16.938950985709933;
16.991774232651196;
18.16162622234073;
17.901469862346996;
17.9490924948877;
18.425173945555866;
18.183954543702075;
17.379952854439978;
17.6287066842443;
18.115031977199678;
17.90295629616793;
18.17484813874239;
18.174267172489955;
18.169836645973295;
18.174990000163042;
17.076468523923634;
18.051874301202815;
18.014250982096815;
18.246706551203978;
17.003070240729528;
18.155596354654982;
17.737830925098866;
17.987994851186208;
17.990744290615176;
18.126763593653763;
18.029444385700565;
18.200411949521637;
18.285633224559042;
18.407843609981263;
18.51851593287072;
18.90140875600244;
18.701107690239215;
17.404507099251344;
18.739213947134495;
18.81550558378452;
17.354264885033864;
18.584258521603637;
17.52334740113371;
17.686699492856924;
17.955136380789767;
18.380259517516745;
17.913662649862932;
18.276417767940465;
16.796084981592482;
16.84966300631873;
17.71262993544268;
17.394173693051517;
18.932302961211686;
17.801372018639313;
17.69659439696947;
17.655786985933904;
17.82187159619061;
17.351745146981607;
17.184547260838233;
17.135419755728126;
17.405673829282257;
17.337901378491605;
17.563130827246432;
19.054020656950975;
17.55116458741075;
17.70987262247009;
18.15570063254011;
17.82849993573586;
17.305730779393727;
17.539021154017508;
17.701811378123093;
17.971498880017045;
18.206488072899774;
17.50241058275191;
18.227567205354255;
17.18361192664417;
17.287823968343034;
17.44221504124142;
17.748035804703978;
17.71537924720526;
18.124854448960523;
18.090801966297352;
18.01275263863018;
18.955561683226392;
18.929567916896968;
18.16126280639893;
18.61143658965319;
18.553443001314932;
18.042203589307903;
18.74128269030021;
18.718685366329794;
18.70844190202796;
18.052406661084333;
18.50353036079453;
19.883225751149826;
19.773141879280484;
19.13578900410444;
18.97650542167435;
19.639052140234888;
19.951522054903005;
19.13345489732109;
18.78315208230542;
18.844002117669525;
19.45345364170037;
19.71670977364032;
19.368829331525397;
19.176965633458288;
19.427885513351498;
19.556361901159004;
18.94582748129677;
18.59986320558243;
18.671781588455147;
18.751854336758534;
18.901397354714028;
18.9154779537025;
18.864998252777006;
18.944602337924636;
18.96442008102062;
19.03318366645677;
18.8561498749489;
19.309032431756744;
19.222009050607657;
19.049454442880617;
19.13714112699816;
19.092192314052596;
19.1771175124798;
19.23556045022517;
19.41753607299279;
19.05498579836515;
18.887398246383807;
19.095477041590996;
19.155151500258224;
18.843534902882784;
18.926850677737153;
18.598541938598213;
18.842312567447088;
18.838207098124993;
18.94498606970542;
18.82913411781904;
19.03610201013688;
18.956936506958577;
18.942331329549408;
18.924622651931887;
19.074735385050406;
19.073895310995837;
18.95856501422479;
19.354685517452477;
19.05768931883578;
18.74330794981222;
18.64424639917341;
18.512643178639472;
18.917497109425355;
18.286017231401956;
18.244849027364452;
18.08521224136321;
18.27368673117062;
18.400243816167446;
18.310777361443343;
18.124103269605957;
18.587134985088436;
18.554725277894214;
18.56435892135054;
18.570788572889978;
18.59241170349245;
18.69256203115995;
18.7500807721769;
18.675473681441776;
18.647801578410238;
18.71792804967746;
18.738022765427534;
18.528098096444083;
18.50884621964657;
18.877248830737418;
18.823251099234867;
18.65505927340578;
18.80665009579751;
19.171061263075707;
19.089622157668536;
18.969812684751012;
18.5388742521338;
18.976886465660435;
19.27527135306508;
19.2958604429199;
18.993516338010323;
18.946015872157975;
18.78760443089133;
18.77266897528169;
17.871941469949796;
18.626068358472274;
17.984147562895362;
18.627749858546128;
18.790394854899176;
18.76934140292887;
18.262225045019104;
19.07064624587521;
19.02930336533115;
18.940623865974914;
18.938419949599176;
19.109581100181888;
19.04816860774231;
18.953633496655282;
18.375454315977038;
18.820523821808397;
18.781896495578458;
18.771501058646987;
19.13238567615324;
17.946754226579728;
18.663332198412736;
19.08536258426106;
19.14667356385843;
19.219495947878542;
19.40050098632663;
19.295729075134286;
19.43479999731016;
19.291449657668288;
19.594330942382975;
19.51779654135304;
19.37126225298139;
19.724550453152283;
19.435942942319524;
19.503992383954294;
18.340135049651586;
19.276558576066016;
19.212944919658092;
18.87799427696712;
19.25571229093684;
19.02670059086669;
19.00682143055471;
19.332962854640787;
19.411407964567307;
19.441315044694143;
19.309952065528066;
18.8977733759744;
19.04484232553427;
19.016396296765066;
19.0243335523145;
18.89093985925295;
19.012714082186058;
19.183645100589658;
19.146244970752065;
19.17476021933967;
19.04380046691854;
19.022415648060377;
18.92961898700521;
18.860067104860672;
18.51077708102246;
18.57328521447558;
18.705163529934676;
19.468450955923615;
19.098026665834194;
19.266568679094377;
19.28900475300993;
19.238824144043797;
19.081836980628445;
19.119558420329795;
19.42212006430208;
19.330388166735244;
19.60232219903229;
19.426765709758243;
19.42566566539832;
19.277254743290605;
19.459168578727205;
19.582702890709083;
19.468987498904028;
19.309278721352285;
19.464255720346575;
19.626003656678535;
19.801092116233214;
18.919421169626595;
19.36810224252207;
18.830752162924238;
19.60523874371094;
19.542359951108107;
19.51876661790202;
19.301455616967175;
19.18178606797226;
19.159996173782993;
19.11497977028233;
19.09959660527056;
19.136406984632114;
18.59238422174838;
18.61849457686972;
18.735592342372357;
18.464680982872608;
18.368006087894834;
19.439402784390353;
18.725531122586137;
18.423126592267494;
18.217352728166976;
19.250683252477412;
19.46065793420121;
18.469983698370132;
18.543137503453867;
19.29348582185811;
19.324779791801138;
19.23559579707522;
18.988548586399702;
18.746051880044273;
18.952221303943933;
18.93538396947552;
18.813889269757663;
18.957957456139635;
18.948349086626507;
19.056322649122787;
19.03520761550201;
19.145169953273086;
19.365822640443056;
19.23059080472724;
19.174517834802515;
18.985172993334185;
18.78745561443972;
18.887519333652747;
18.88994385870232;
18.919737378589844;
18.80166128981353;
18.71801099522841;
18.857699459399342;
18.89964796800846;
18.74496627125043;
18.674667993538506;
18.686283553320308;
18.735552525812288;
18.626360394067245;
18.67547714443234;
18.54918543275345;
18.4895574631719;
18.208631466174563;
18.45765100620875;
18.437527211909497;
18.462590894960584;
18.45912474366249;
18.479264509391395;
18.482179706810136;
18.361726633203716;
18.54885404984566;
18.637143776974472;
18.48226837032067;
18.591738368104593;
18.498464174791565;
18.391477468361632;
18.328238291657684;
18.210987420457954;
18.26070164987437;
18.228502813517547;
18.234861452216148;
18.331584466265962;
18.178829699759028;
18.54626291094842;
18.352138634700164;
18.33997195972385;
18.660848942966865;
18.55014293299102;
18.67494269816985;
18.695928542440658;
18.61759995540125;
18.672533481859475;
18.62299205385229;
18.76923092376483;
18.6183888418099;
18.479512137781388;
18.517245759827436;
18.452556864330607;
18.52846667103246;
18.519289800809382;
18.548700518268404;
18.671904262038492;
18.661927979115134;
18.713256248139007;
18.527302772424527;
18.525743569877584;
18.617468776331464;
18.482440903571966;
18.3275784495329;
18.355850531925583;
18.40569539972376;
18.385515201882217;
18.387979443648856;
18.42824520705205;
18.395850861289208;
18.399068673170074;
18.27716507667619;
18.34938162270548;
18.331100694053188;
18.446905807524512;
18.439757699864554;
18.6046533907799;
18.507722759449063;
18.31098717369214;
18.22661022521882;
18.48309578107963;
18.370368281426448;
18.197080248252398;
18.342061550841958;
18.49134336119422;
18.289638393868394;
18.584871358926314;
18.58877240376634;
18.610935223798943;
18.706135838464984;
18.797204476841777;
19.08518145661944;
18.839760808985904;
18.5901498298236;
18.704644030344156;
18.714257033926174;
18.63917419121357;
18.509721431957686;
17.55794532290912;
18.709315689093852;
18.838123690022055;
18.77066757069958;
18.81169436035084;
18.8439832183344;
18.68023231232499;
17.729490900585393;
18.834168467157802;
18.3434851944546;
18.726586540957793;
18.883307266757534;
18.653162401909224;
18.612133847046568;
18.77741045803213;
18.795952215462016;
17.80507640556461;
18.74003388564131;
19.43862959061409;
19.004776334921875;
18.975575063552576;
19.4950664315195;
19.61503427354055;
19.63013200335086;
19.509936592991096;
19.652971958930046;
19.64902079829795;
19.654403528055628;
20.013182611579236;
19.855542391035108;
19.522299367260572;
19.455508851765522;
19.170639292531902;
19.3489684681926;
19.513110907841256;
18.918698041874013;
19.359693396655842;
19.351310658717203;
19.318795862565768;
19.46171187948131;
19.408258508580307;
19.62575537363604;
19.433266810661934;
19.43416152264164;
19.20675295113626;
19.101945896836295;
19.55391238111212;
19.28817947690228;
19.461045755577533;
19.237233154917362;
19.338525563831226;
19.15882782643841;
19.032739952459;
19.187370911653105;
19.232214301200123;
19.041955179684557;
19.05301602100996;
19.02823986559392;
18.990840797426046;
19.192621660440683;
18.985634804399524;
19.03106404344273;
19.219475927205153;
19.232581463394894;
19.296946403688136;
19.145002171069613;
19.11577021148914;
19.1005991303157;
19.485978020073148;
19.283417087652015;
19.27326633864748;
19.420344795958105;
19.023895293364184;
19.14927976612524;
19.09054901172407;
19.099815063679834;
19.129803012477403;
19.331904104944297;
19.359445980662617;
19.462927414746954;
19.296727095893875;
19.235585386739064;
19.080584816202467;
18.883363714819815;
18.973408942402134;
19.164469997251544;
19.06833297258888;
19.134632285801278;
18.98440490747357;
19.095971950520642;
19.150805545724396;
19.173914604967514;
19.161376539588318;
19.275802746025494;
19.032331472924273;
19.125096285329438;
19.10815809537425;
19.238389883821238;
19.092583007028754;
19.184437766367168;
18.982577633362176;
19.079259881997622;
18.931898800092284;
18.789277266716468;
18.912681838782046;
19.076865850879155;
19.26179443383958;
19.04990048907906;
19.235506771766016;
18.952437762503383;
18.787943623806942;
18.915269948343507;
19.03342477612781;
18.816121267837975;
19.086193846648623;
18.70824929537874;
18.787600682989172;
18.86874832618605;
18.757830793097725;
18.840004399370358;
18.6898892324186;
18.82011566013728;
18.6768559596719;
18.781244227815414;
18.837799372446057;
18.944863805461612;
18.749951249892316;
18.650374137878902;
18.715845363972953;
18.854561592061586;
18.772449139429032;
18.746121599690703;
18.62325484181604;
18.726219520532315;
18.920866098688347;
18.770606132441948;
18.75162154474233;
18.90735497491104;
18.871226556053763;
18.884902946237805;
18.794629975958397;
18.73392511972807;
18.62562103993138;
18.607525134134914;
18.721116159297203;
18.928797939221333;
18.848326688778823;
18.779535239699626;
18.58724986228924;
18.659452768698802;
18.752818745656764;
18.70327427416451;
18.716263902901904;
18.660023268148233;
18.776306579415436;
18.290375816815658;
18.798355934516085;
18.876640126826462;
18.880268402665752;
18.931781816150785;
18.847870191260338;
19.03435253503224;
18.768533405548833;
18.872721563924895;
18.99959771249893;
18.9778581524774;
19.233995995017455;
19.025842451116507;
19.207829187155152;
19.24109067054489;
19.17569743930661;
19.264169218891443;
19.29684656380034;
19.36987040475533;
19.208383006478616;
19.249621712504116;
19.297867469911676;
19.439037527714664;
19.388362000114682;
19.363189598324716;
19.23627599722175;
19.380948102677163;
19.370067172998155;
19.721130649937958;
19.43958735693978;
19.209492040008556;
19.290755202602146;
19.33997906220697;
19.312081584036765;
19.299432270251426;
19.161767292866198;
19.22807828015402;
19.130347745285317;
18.926158001478004;
19.157233446153437;
19.165122668789003;
19.10908263719977;
19.042698346336145;
18.92333395398083;
18.931011931038494;
19.022935295061636;
18.924519276922638;
18.719090791734303;
18.73009483970365;
18.769248841076767;
18.61441423954245;
18.58601418367293;
18.710836361047637;
18.5545692230814;
18.77444669887764;
18.60246865548822;
18.643038081317872;
18.599000272893097;
18.84829368847127;
18.806552133326797;
18.730580136506976;
18.917807190041298;
18.95784413951673;
18.84058946185995;
18.854245919999947;
18.78190220609339;
18.828226714828567;
18.969398272770533;
18.81139166123451;
19.069655376949406;
18.99960180796136;
18.990389693896496;
19.292016197838848;
19.116730174767195;
18.884201969029405;
19.262745724408425;
19.17622559352849;
19.288151933815683;
19.2829364225459;
19.173190767045604;
19.036922995869883;
19.075991114142266;
19.3339420344792;
19.339169679163806;
19.20270805986023;
19.180495520532588;
19.18861703092369;
19.28039510127375;
19.057029466093624;
18.875608412714755;
18.96274059002042;
18.694588855753935;
19.00594380075737;
19.156518421919234;
18.785853141449966;
18.837079176869786;
18.927161568746342;
18.948673866232568;
19.02793428960966;
19.290236544598006;
19.260872573493153;
18.83165495693924;
19.22340392116927;
19.109936740406496;
19.05641050861798;
19.044048443106863;
19.292114872670872;
19.067092082103944;
18.970229378349657;
19.003795444178746;
19.058414527256897;
19.152891519215128;
19.054682621596967;
19.295546260434698;
19.316563528938293;
19.204325489823244;
19.407153945022056;
19.205225313263323;
19.283431440739964;
18.654083589957047;
18.738232844294824;
18.90907916600956;
18.784847223623277;
18.716372881073386;
18.742155779989567;
18.56745324143322;
18.694627446927903;
18.711747680347308;
18.73716062952174;
18.927354184974295;
18.56817554371839;
18.41886122716492;
18.493967643703325;
18.578909638242028;
18.41835818944317;
18.69626790137436;
18.666020008129703;
18.871479598712543;
18.772641871106643;
18.836880416546382;
19.29198295560052;
19.09705083418543;
18.91324604726215;
18.953144900024576;
19.10402440895253;
18.82169550959527;
18.86685056740859;
18.68853846413491;
19.11517645218705;
19.160259862712415;
18.869516925739713;
19.189978128038767;
19.047869213664143;
18.93006523030222;
18.54150355321659;
18.35300823098218;
18.77861620591207;
18.57968959290793;
19.066895839256773;
19.344361677170706;
19.13627409183242;
19.2125813204278;
18.99873163418005;
19.013300641957628;
19.04955027279745;
18.873865998822478;
19.12921554971323;
19.24777671803154;
19.034307077268565;
19.30493255240898;
19.22556227410699;
19.342024380837092;
19.449246740758202;
19.011126800468286;
19.17614155239406;
19.39913306018446;
19.3354829818583;
19.37798126972686;
19.443894980131972;
19.159725831683556;
19.788710486244156;
19.87300919844426;
19.643994793750558;
19.52307978504176;
19.496783319601796;
19.459548412491642;
19.51940051826078;
19.442374584334637;
19.37044259751611;
19.66686708595284;
19.394542467342234;
19.383250060683554;
19.401479201398686;
19.516517853619575;
19.339307179087758;
19.407488348919983;
19.692973664026784;
19.752506422584315;
19.811982572117948;
19.648288072696833;
19.74949834534205;
19.84993846804248;
19.733003786565995;
19.706234309965467;
19.70144384152412;
19.652501566197127;
19.600288757147933;
19.38569175682616;
19.18207431810643;
19.412186769234115;
19.589260619070025;
19.696370437891805;
19.600398472701112;
19.2247292095553;
19.359414718309658;
19.472202276851014;
19.496294641736316;
19.372255252038357;
19.41704352789468;
19.19161795532872;
19.22823793857821;
19.330009635071118;
19.365867269905998;
19.528427585894214;
19.5277719290459;
19.2662479584593;
18.784234958604458;
19.084142930481313;
19.09079499803352;
18.83674578506768;
18.56033883890147;
18.947703167882636;
18.666958755498026;
18.811978703529377;
18.94843367791945;
18.660943968722652;
18.78523448523504;
18.427828744428222;
18.783451578681692;
18.67397977769543;
18.71621497325247;
18.18625536465731;
18.327845308930215;
18.558558357941113;
18.449361520686374;
18.550108925682924;
18.63004650520711;
18.484937692257912;
18.31393574739308;
18.27824664755492;
18.4846808237809;
18.477665487851365;
18.4069786861143;
18.13713095563648;
18.01756919771735;
18.18322727610473;
18.1913339866981;
18.223025523209888;
18.199369927904307;
18.224476712807903;
18.413949455652727;
18.274059440015396;
18.468104106048973;
18.560689996596928;
18.510321145707938;
18.29798435446591;
18.325288994383953;
19.464513083606356;
18.308910906364567;
18.613681109153685;
19.029512635355857;
19.176531820282648;
18.832274221883097;
18.678872954825174;
18.39089589790946;
18.39436980944378;
19.198141380552844;
19.32309442449654;
19.505265942124808;
19.002042097917432;
19.622546972358155;
18.61896194432365;
18.785340749643012;
19.730513632928943;
18.980514320898788;
19.294912891890732;
